Entrez ID,Promoter,Chr,Instances,Locations,Strands,FIMO P-values,Matching Sequences,Overlap w/ Footprints (bp)
34,76185042-76195042,chr1,1,76191780-76191794,-,6.09e-06,ATAGGGAAAAAGTCA,15
88,236844769-236854769,chr1,1,236853664-236853678,+,6.62e-06,CTAGGAGAAAAGGCA,15
183,230845336-230855336,chr1,1,230850260-230850274,+,5.23e-06,AGAGGGCAGAGGGCA,15
57530,151478861-151488861,chr1,1,151486187-151486201,+,2.53e-06,CTGGGCCAGAGGTGA,15
204,33497512-33507512,chr1,1,33502869-33502883,-,9.57e-06,CTGGACCAAAGGGTA,15
164091,26192744-26202744,chr1,1,26196586-26196600,+,9.57e-06,CAGGGGCAGGGGTCA,15
8514,6047357-6057357,chr1,1,6052011-6052025,+,2.3e-06,AGGGGGCAAAGGGCA,15
115019,205907588-205917588,chr1,2,205910063-205910077;205910088-205910102,+;-,2.72e-06;1.51e-06,GAAGAGGAAAGGTCA;CTAGAGCAAAGGGGA,15;15
8556,100813022-100823022,chr1,1,100818864-100818878,-,7.74e-06,GTGGAGTAAAGGTGA,15
8634,100726713-100736713,chr1,1,100730089-100730103,-,2.53e-06,ACAGGACAAAGGGCA,15
493,203590914-203600914,chr1,2,203593734-203593748;203600438-203600452,+;-,3.79e-06;1.8e-06,TGAGAACAAAGGTCA;CTAGAGCAGAGGTGA,15;15
57863,159136376-159146413,chr1,1,159142862-159142876,+,6.09e-06,GTGGAGCAAAGGGAA,15
533,44435601-44445601,chr1,2,44440287-44440301;44445453-44445467,+;-,2.53e-06;8.28e-06,GTGAGGCAGAGGGCA;ATGAGGCAAAGGCCA,15;15
8891,45447394-45457394,chr1,1,45452193-45452207,+,4.45e-06,GCAGGGCAGAAGTCA,15
440567,16129194-16139194,chr1,1,16135643-16135657,+,1.8e-06,CTGGGGCAGAGGGGA,15
57035,25568985-25578985,chr1,1,25572749-25572763,-,7.12e-06,TAGGGTTAAAGGTCA,15
9122,110928704-110938704,chr1,1,110936666-110936680,-,6.62e-06,ATGGGGCAAAGTCCA,15
963,111408820-111420721,chr1,1,111417893-111417907,-,8.28e-06,GTAGGAGAAAGGGCT,15
9181,155942966-155953336,chr1,1,155948637-155948651,-,8.93e-06,GGAGGGCAGAGGGGA,15
991,43819625-43829625,chr1,1,43829154-43829168,-,5.01e-08,CTGGGCCAAAGGTCA,15
1944,155046347-155056347,chr1,1,155050539-155050553,-,4.13e-06,CTGAGTCAGAGGGCA,15
1043,26639410-26649410,chr1,1,26644248-26644262,-,2.14e-06,ATAGGAGAGAGGTCA,15
9249,12672820-12682820,chr1,2,12681947-12681961;12682817-12682831,-;+,7.74e-06;6.62e-06,CTGGAGGAAGGGTCA;CGAGGCCAGAGGGCA,15;4
1130,236025220-236035220,chr1,1,236031738-236031752,-,7.12e-06,GTGGGTGAAAGTTGA,15
58497,150975972-150985972,chr1,1,150985674-150985688,+,5.67e-06,ATAGTGCAAAGGGCA,15
1187,16343485-16353485,chr1,1,16345228-16345242,+,8.93e-06,CTGTGTCAGAGGTGA,15
353500,39952317-39962317,chr1,1,39953911-39953925,+,3.79e-06,TTGTGGCAAAGTTCA,15
1266,95387735-95397735,chr1,2,95393224-95393238;95395193-95395207,-;-,4.85e-07;1.27e-06,GCGGGGCAGAGGTCA;CCAAGTCAAAGGTCA,15;15
9462,178057863-178067863,chr1,1,178060955-178060969,+,2.14e-06,GTGGGGGAAAGGGGA,15
1296,36560850-36570850,chr1,1,36565659-36565673,-,3.52e-06,TGAGGGCAAAGGCCA,15
7044,226124083-226134083,chr1,1,226125523-226125537,+,1.13e-06,CAGGGTCAGAGGTCA,15
25932,25066759-25076759,chr1,2,25069031-25069045;25075881-25075895,-;+,8.28e-06;7.26e-07,GTGGGTGAAAGGGAA;CTAGGGGAAAGGCCA,15;15
9554,145091406-145101406,chr1,2,145093459-145093473;145097019-145097033,+;-,1.95e-06;8.93e-06,TTAGGGCAAAGGACA;CTAGGTCAAGGATCA,15;15
1376,53657100-53667100,chr1,1,53664229-53664243,+,3.79e-06,ATGGGTGAAAGGTGA,15
1382,156670459-156680608,chr1,1,156676099-156676113,+,3.97e-07,GGAGGGCAGAGGTCA,15
9580,204037245-204047245,chr1,1,204042522-204042536,+,1.04e-06,CCAGGGCAGAGGGCA,15
1429,75194092-75204092,chr1,2,75198526-75198540;75199410-75199424,+;+,3.79e-06;8.93e-06,GGAGGACAGAGGGCA;GTGTGGCAAAGTTTA,15;15
91544,26639756-26649756,chr1,1,26644248-26644262,-,2.14e-06,ATAGGAGAGAGGTCA,15
148932,47075805-47087563,chr1,1,47081985-47081999,+,7.12e-06,CTAGGACAGAGGTCG,15
8443,231371918-231381918,chr1,1,231372129-231372143,+,8.28e-06,CAAGAGGAAAGGGCA,15
91624,78349199-78359199,chr1,1,78353803-78353817,+,4.85e-07,CTTGGCCAAAGGTCA,15
148979,54194877-54204877,chr1,1,54195273-54195287,-,3.79e-06,AAAGGGAAAAGGTCA,15
9725,226065420-226075420,chr1,1,226069203-226069217,-,7.74e-06,TGGGGGCAAAGGTCT,15
149069,32669694-32679694,chr1,1,32674597-32674611,+,2.14e-06,CTGGGTGAGAGGGCA,15
1629,100710409-100720409,chr1,1,100715591-100715605,+,1.8e-06,GCGGGGCAGAGGGCA,15
1647,68145859-68155859,chr1,1,68150388-68150402,-,5.67e-06,CCGGGGCAAAGTTTA,15
7107,236300831-236310831,chr1,1,236304132-236304146,+,4.13e-06,TTGGAGGAAAGGGCA,15
9887,183436505-183446505,chr1,1,183436960-183436974,-,4.13e-06,TTAGATCAAGGGTCA,15
9923,22773343-22783343,chr1,3,22774112-22774126;22778201-22778215;22779163-22779177,-;+;-,5.23e-06;6.38e-07;1.8e-06,CTAAGGCAAAAGGCA;CAAGGTCAGAGGTCA;TTAGGGCAGGGGTCA,15;15;15
100534012,151124104-151134104,chr1,1,151128996-151129010,-,1.04e-06,ATAAGACAAAGGTCA,15
1802,44430652-44440652,chr1,1,44440287-44440301,+,2.53e-06,GTGAGGCAGAGGGCA,15
50999,93641246-93651246,chr1,1,93645679-93645693,+,7.12e-06,GAAGGGTAAAGGTGA,15
1945,155031212-155041212,chr1,1,155035900-155035914,+,9.57e-06,TCTGGGCAAAGGTTA,15
51100,87165252-87175252,chr1,1,87171639-87171653,-,9.57e-06,TTGGGGCAAAGGCAA,15
10163,27811678-27821678,chr1,1,27815352-27815366,-,8.28e-06,AAAGGGCAGAGGTTA,15
149473,44452279-44462279,chr1,1,44461971-44461985,-,4.13e-06,GTGGGGCAAGGGCCA,15
10228,180987046-180997046,chr1,1,180992475-180992489,-,5.23e-06,GTAGAGGAAAGGTAA,15
149175,38254773-38266159,chr1,1,38261132-38261146,-,8.93e-06,GTAGAACAAAGGGAA,15
92241,167594473-167604473,chr1,1,167601624-167601638,-,7.74e-06,CTAGAACAAAGTTGA,15
2153,169550769-169560769,chr1,1,169554158-169554172,-,7.86e-07,ATAGGGCAAAGGTCT,15
91181,154122592-154132592,chr1,1,154124010-154124024,+,8.28e-06,GTGGGGGAAAAGTGA,15
92312,156046789-156056789,chr1,1,156056175-156056189,-,9.57e-06,GAGAGTCAGAGGTCA,15
51377,193023523-193033523,chr1,1,193027985-193027999,+,9.57e-06,GCAGTGCAAAGGGCA,15
2275,38466187-38476187,chr1,1,38466203-38466217,+,9.57e-06,GTAGGACAAGGGGGA,15
387338,46800848-46811849,chr1,1,46809115-46809129,-,7.74e-06,TGAAGGCAAAGGGCA,15
84301,15938952-15948952,chr1,1,15944209-15944223,-,1.13e-06,GGAGGGAAAAGGTCA,15
26994,51696944-51706944,chr1,1,51702757-51702771,-,7.74e-06,CAAGGGCAGAGGGTA,15
10637,226071846-226081846,chr1,1,226078481-226078495,+,1.27e-06,GGGGGTCAGAGGTCA,15
27095,36610115-36626654,chr1,2,36616274-36616288;36620744-36620758,-;+,4.13e-06;1.62e-06,CTGGGGAAAAGGGTA;TCAGGACAAAGGGCA,15;15
10763,156642189-156652189,chr1,1,156644141-156644155,-,6.62e-06,CAAGGACAGAGGTGA,15
10768,110522386-110532386,chr1,1,110527313-110527327,-,7.12e-06,CGGGGAGAAAGGGCA,15
2590,230197955-230207955,chr1,1,230203805-230203819,-,8.28e-06,GTTGGGCAGAGGGTA,15
27245,27925143-27935143,chr1,1,27934018-27934032,+,3.46e-07,AGAGGGCAAAGGTCA,15
2672,92944356-92957433,chr1,1,92954129-92954143,+,8.28e-06,ATAGGAGAAAGGTAA,15
84614,173832492-173842492,chr1,1,173838248-173838262,+,6.62e-06,TTTGGAAAAAGGTCA,15
10905,117905084-117915084,chr1,1,117914320-117914334,+,2.14e-06,CTAGATGAGAGGTCA,15
84842,45787544-45797544,chr1,1,45791525-45791539,-,2.81e-07,GAAGGGCAAAGGGCA,15
11123,24823840-24845803,chr1,1,24832435-24832449,-,7.74e-06,CTGTGACAAAAGTCA,15
2980,42625395-42635395,chr1,1,42633480-42633494,+,5.87e-07,CTGGGGGAAAGGTGA,15
84919,204375944-204385944,chr1,1,204381267-204381281,+,4.13e-06,CTAGGTTAAAGGTCT,15
84976,222983430-222993430,chr1,2,222988058-222988072;222988224-222988238,+;-,2.72e-06;7.74e-06,TGAGGACAGAGGTCA;AAGGGGCAGAGGGCA,15;15
3068,156716543-156727240,chr1,1,156721881-156721895,-,5.23e-06,ATGGAGCAGAGGGCA,15
8704,44439873-44451176,chr1,2,44440287-44440301;44445453-44445467,+;-,2.53e-06;8.28e-06,GTGAGGCAGAGGGCA;ATGAGGCAAAGGCCA,15;15
3151,26793901-26803901,chr1,1,26796980-26796994,+,1.51e-06,CTAGGGGAGAGGTGA,15
257106,161034760-161044760,chr1,1,161039458-161039472,-,8.93e-06,GTAGGGCACAGGTCT,15
199920,57280369-57290369,chr1,1,57286719-57286733,+,5.23e-06,CCAGGCCAAAAGTCA,15
60672,12074298-12084298,chr1,1,12079876-12079890,-,1.04e-06,CGGGGTCAAAGGGCA,15
3399,23881285-23891285,chr1,1,23883497-23883511,-,7.74e-06,GTGGGGCAGAGAGCA,15
3491,86041443-86051443,chr1,1,86050184-86050198,+,7.74e-06,GAAGGTCAAAGGTCC,15
85440,63149039-63159039,chr1,1,63155303-63155317,+,7.74e-06,CTGAGTCAGAGGTGA,15
339403,155906479-155916479,chr1,2,155914394-155914408;155914925-155914939,-;+,9.57e-06;9.57e-06,CTGGGACAGGGGGCA;GAGGGACAGAGGTTA,15;15
3595,67768046-67778046,chr1,1,67774007-67774021,+,4.87e-06,AAAGGGCAGAGGGCA,15
339541,45135393-45145393,chr1,2,45140478-45140492;45142374-45142388,-;+,4.13e-06;8.93e-06,GCAAGTCAAAGGGCA;TGGGAGCAGAGGTCA,15;15
3713,152876038-152886038,chr1,1,152878818-152878832,-,6.62e-06,GTGGGAAAGAGGGCA,15
126626,151038079-151048079,chr1,1,151044378-151044392,+,7.74e-06,TTGAGCCAGAGGTCA,15
3749,110748335-110758335,chr1,1,110752612-110752626,+,7.74e-06,GGAGGTTAGAGGTCA,15
126823,161063180-161073180,chr1,1,161065957-161065971,-,8.93e-06,ACAGGGAAAAGGGCA,15
3953,65881334-65891334,chr1,1,65883319-65883333,+,8.28e-06,GCATGACAGAGGTCA,15
126917,19277826-19287826,chr1,1,19278508-19278522,+,2.14e-06,GTTGGCCAGAGGTCA,15
4209,156465634-156475634,chr1,2,156474615-156474629;156474707-156474721,+;+,4.13e-06;2.83e-08,TGAGGGGAAAGGGCA;CTGGGGCAAAGGGCA,15;15
127687,38268472-38278472,chr1,1,38275737-38275751,-,8.28e-06,GGGGGTCAGAGTTCA,15
4343,113212047-113222047,chr1,1,113217093-113217107,-,2.14e-06,GGAGAGCAAAGGGCA,15
127253,75193835-75203839,chr1,2,75198526-75198540;75199410-75199424,+;+,3.79e-06;8.93e-06,GGAGGACAGAGGGCA;GTGTGGCAAAGTTTA,15;15
127262,3536555-3546555,chr1,1,3541949-3541963,-,5.67e-06,CGGGGGCAAAGATCA,15
284723,16057808-16067808,chr1,1,16062643-16062657,-,5.01e-08,CTGGGGGAAAGGTCA,15
4524,11861160-11871160,chr1,1,11862846-11862860,+,7.74e-06,CCGGGTTAAAGGGCA,15
4610,40362687-40372687,chr1,1,40363985-40363999,+,2.3e-06,CTGGGACAAAGTTTA,15
4660,202312829-202322829,chr1,1,202317630-202317644,+,1.37e-07,TTAGGGCAAAGGTGA,15
4803,115875857-115885857,chr1,1,115883709-115883723,+,4.87e-06,CCAGGACAAAGTGCA,15
4817,161082861-161092907,chr1,1,161088174-161088188,-,2.72e-06,GCAGGGGAAAGTTCA,15
127707,18802423-18812423,chr1,1,18807324-18807338,-,6.09e-06,GAGGAGCAAAGGTGA,15
127829,202108871-202118871,chr1,1,202112285-202112299,+,1.51e-06,AAAGGGCAGAGGTCA,15
5051,26319648-26329648,chr1,2,26320211-26320225;26323700-26323714,-;-,4.45e-06;9.57e-06,GATGGGGAAAGGTCA;AGAGACCAAAGGTCA,15;15
5129,205468683-205478683,chr1,1,205474343-205474357,+,1.62e-06,GAAGGGCAAGGGTCA,15
84144,85661728-85671728,chr1,1,85667270-85667284,-,8.93e-06,CTAAGGCAGAGGGGA,15
5174,145722665-145732665,chr1,1,145727588-145727602,+,7.86e-07,GCAGGACAGAGGTCA,15
128061,231371924-231381924,chr1,1,231372129-231372143,+,8.28e-06,CAAGAGGAAAGGGCA,15
5202,161082866-161092866,chr1,1,161088174-161088188,-,2.72e-06,GCAGGGGAAAGTTCA,15
5236,64053946-64064479,chr1,1,64059742-64059756,-,5.67e-06,TTAGGGCAAATGTCA,15
79005,151133497-151143497,chr1,1,151138016-151138030,-,2.53e-06,AAAGGTCAGAGGTCA,15
259266,197110824-197120824,chr1,1,197119986-197120000,+,1.37e-06,ATGGGACAAAGTTCA,15
29920,226107040-226117040,chr1,1,226110396-226110410,+,4.45e-06,GCAGGGCAAAGGGAA,15
128344,111884194-111894194,chr1,1,111889316-111889330,+,8.93e-06,CTAGAGTAGAGGGCA,15
128346,112011603-112021603,chr1,1,112019825-112019839,+,1.13e-06,CTGGGTGAAAGTTCA,15
5525,212453878-212463878,chr1,1,212462924-212462938,+,5.22e-07,CTGGGTCAAAGGTAA,15
54741,65881130-65891398,chr1,1,65883319-65883333,+,8.28e-06,GCATGACAGAGGTCA,15
388695,151133370-151143424,chr1,1,151138016-151138030,-,2.53e-06,AAAGGTCAGAGGTCA,15
54802,40344177-40354177,chr1,1,40348919-40348933,-,4.13e-06,CTGTGGCAAAGGTCT,15
5686,109964070-109974108,chr1,1,109968612-109968626,-,7.12e-06,GAAGGCCAAGGGTCA,15
5778,202124119-202135716,chr1,2,202124757-202124771;202131203-202131217,+;-,2.72e-06;8.93e-06,AGAGGTCAGAGGTCA;GTGAGGCAGAGGCCA,15;15
5824,160249941-160259941,chr1,1,160254119-160254133,-,4.87e-06,TCAGGGCAGAGGTGA,15
79570,31707734-31717734,chr1,1,31717009-31717023,-,4.13e-06,CAGGGGCAGAGGTTA,15
79626,151124104-151134104,chr1,1,151128996-151129010,-,1.04e-06,ATAAGACAAAGGTCA,15
55057,26675621-26685621,chr1,1,26678485-26678499,-,7.74e-06,GGAGGTCACAGGTCA,15
79639,45135099-45145099,chr1,2,45140478-45140492;45142374-45142388,-;+,4.13e-06;8.93e-06,GCAAGTCAAAGGGCA;TGGGAGCAGAGGTCA,15;15
55108,32855062-32865062,chr1,1,32860045-32860059,-,1.8e-06,GGAAGTCAAAGGTCA,15
79693,38268865-38278865,chr1,1,38275737-38275751,-,8.28e-06,GGGGGTCAGAGTTCA,15
60484,156584085-156594085,chr1,1,156589317-156589331,+,9.57e-06,AGAGGGCAGAGGTGA,15
6003,192600267-192610267,chr1,1,192609220-192609234,+,3.23e-06,GTAGGGGAGAAGTCA,15
6045,185009550-185019550,chr1,1,185015083-185015097,-,6.62e-06,GCAGAGGAAAGGGCA,15
284613,110031657-110041700,chr1,1,110041087-110041101,+,8.28e-06,GTAGGGAATAGGTCA,15
79961,111738325-111752160,chr1,1,111743368-111743382,+,6.09e-06,CGAGAGAAAAGGTCA,15
375035,168190254-168200254,chr1,1,168200103-168200117,-,7.86e-07,CTGGAGCAAAGTTCA,15
22854,107677628-107687744,chr1,1,107678364-107678378,+,2.3e-06,ATGAGGCAAAGGGCA,15
55700,36616802-36626802,chr1,1,36620744-36620758,+,1.62e-06,TCAGGACAAAGGGCA,15
55721,32666235-32676235,chr1,1,32674597-32674611,+,2.14e-06,CTGGGTGAGAGGGCA,15
55758,211427707-211438288,chr1,1,211432876-211432890,-,5.23e-06,GAGGGGGAAAGGTGA,15
55765,200855626-200868948,chr1,1,200860467-200860481,+,3e-06,GCGGGGCAAAGGGGA,15
55793,150974273-150985854,chr1,1,150985674-150985688,+,5.67e-06,ATAGTGCAAAGGGCA,15
23032,78220564-78230564,chr1,1,78223567-78223581,+,8.75e-07,GTAAGTGAAAGGTCA,15
55811,167878453-167888453,chr1,1,167886463-167886477,+,7.74e-06,CGGAGCCAAAGGTCA,15
23046,200987828-200997828,chr1,1,200988603-200988617,-,1.51e-06,TGGGGGCAAAGGGCA,15
6675,162526295-162536295,chr1,1,162532313-162532327,-,8.93e-06,ACAGGCCAAAGTTCA,15
6708,158651506-158661506,chr1,1,158655110-158655124,-,9.57e-06,GTGGGCCAAAGGTTT,15
6738,193023551-193034003,chr1,1,193027985-193027999,+,9.57e-06,GCAGTGCAAAGGGCA,15
6746,155985758-155995758,chr1,1,155990514-155990528,-,4.87e-06,GGGGGGCAGAGGTGA,15
55929,44674124-44684124,chr1,1,44679385-44679399,-,3e-06,GGAGGTCAAGGGTCA,15
23169,67515080-67525080,chr1,1,67524142-67524156,+,3.52e-06,AAGGAGCAAAGGTCA,15
89884,180194432-180204432,chr1,1,180203809-180203823,+,3.23e-06,GAGGGGCAAAGGTCT,15
25874,167901307-167911307,chr1,1,167904545-167904559,-,3e-06,TTGGAGTAAAGGTCA,15
23400,17333423-17343423,chr1,1,17342590-17342604,-,3.52e-06,CCTGGGGAAAGGTCA,15
56181,26141396-26152318,chr1,1,26144787-26144801,+,8.28e-06,TTGGGGCAGAGTTGA,15
80818,23689879-23701357,chr1,1,23697570-23697584,-,7.74e-06,CTGGGGCAAAGGGGT,15
1185,11861152-11871152,chr1,1,11862846-11862860,+,7.74e-06,CCGGGTTAAAGGGCA,15
27129,16340285-16350285,chr1,1,16345228-16345242,+,8.93e-06,CTGTGTCAGAGGTGA,15
5298,151295133-151305191,chr1,2,151297018-151297032;151299709-151299723,+;+,1.8e-06;1.95e-06,TTAGGGGAGAGGGCA;ACAGGGCAAAGGTGA,15;15
343099,93641280-93651280,chr1,1,93645679-93645693,+,7.12e-06,GAAGGGTAAAGGTGA,15
23612,201433299-201443299,chr1,1,201435784-201435798,+,2.72e-06,CTGGGGAAGAGGGCA,15
55827,167900796-167910796,chr1,1,167904545-167904559,-,3e-06,TTGGAGTAAAGGTCA,15
7292,173171471-173181471,chr1,1,173175953-173175967,-,7.12e-06,GTAGGGCAGAGTGGA,15
64710,205714372-205724372,chr1,1,205718633-205718647,+,4.87e-06,CTGGGGGAAGGGGCA,15
64746,226369423-226379423,chr1,1,226374435-226374449,-,7.26e-07,GGAGGTCAGAGGTCA,15
64757,220955038-220965038,chr1,1,220961729-220961743,-,8.75e-07,GTAGGAGAAAGGTTA,15
64834,43828409-43838745,chr1,1,43829154-43829168,-,5.01e-08,CTGGGCCAAAGGTCA,15
64856,1365902-1375902,chr1,1,1368590-1368604,-,1.13e-06,CTGGGTAAAAGGGCA,15
400823,222905557-222915557,chr1,1,222910047-222910061,-,6.09e-06,GTGGTTGAAAGGTCA,15
7780,26367604-26377604,chr1,1,26372058-26372072,+,8.28e-06,CTGGGGCAAAGTGCT,15
261734,6047533-6057533,chr1,1,6052011-6052025,+,2.3e-06,AGGGGGCAAAGGGCA,15
89796,201612449-201622449,chr1,1,201621098-201621112,+,7.74e-06,GAAGGGCAGAGGGTA,15
57115,153316022-153326022,chr1,1,153325130-153325144,-,8.93e-06,GTGAGTGAAAGGTGA,15
51232,36578369-36588369,chr2,1,36580176-36580190,+,4.87e-06,TTATGCCAAAGGGCA,15
6241,10257694-10267862,chr2,1,10266910-10266924,-,6.38e-07,CTGGGACAAAGGCCA,15
8291,71675752-71685752,chr2,1,71681950-71681964,-,7.12e-06,CTGGAGGAAAAGTCA,15
130872,61399554-61409554,chr2,1,61405129-61405143,+,7.12e-06,GTAGTGGAAAGGGCA,15
79998,71200574-71210574,chr2,1,71205139-71205153,-,5.23e-06,CTAGGTGAAAGGGAA,15
5147,232640974-232650974,chr2,1,232647313-232647327,+,2.3e-06,GTGGGTAAAAGGTGA,15
84141,75783092-75801848,chr2,1,75796934-75796948,+,4.45e-06,TGAGGACAAAGGTGA,15
53335,60775633-60785633,chr2,1,60778458-60778472,+,2.72e-06,CTGGGGAAGAGGGCA,15
116093,189649831-189659831,chr2,1,189652501-189652515,-,8.93e-06,CAAGGGCAAAAGTGA,15
54497,37306485-37316485,chr2,1,37307741-37307755,+,1.13e-06,ATGGGGGAAAGGGCA,15
129293,85103252-85113252,chr2,1,85111762-85111776,+,6.09e-06,CTAGGGGAAGGTTCA,15
55686,216873346-216883346,chr2,1,216876912-216876926,+,3e-06,CAAGGATAAAGGTCA,15
8502,159308475-159318475,chr2,2,159312948-159312962;159312955-159312969,+;+,5.23e-06;2.14e-06,ACATGTCAAAGGTCA;AAAGGTCAAAGGGCA,15;15
284996,101920178-101930178,chr2,1,101928050-101928064,+,7.86e-07,GTGGGTCAAAGTGCA,15
55622,32848086-32858086,chr2,1,32857321-32857335,-,4.87e-06,GTGAGGCAGAGGTGA,15
80204,48127932-48137932,chr2,1,48134321-48134335,-,1.95e-06,ATTGGCCAAAGGTCA,15
338,21261945-21271945,chr2,1,21262005-21262019,+,7.12e-06,CTGTGTCAAAGGGTA,15
51542,64241214-64251214,chr2,2,64247009-64247023;64247847-64247861,+;+,6.62e-06;6.09e-06,AAAGGTTAAAGGTCA;GTGAGTCAAAGGGTA,15;15
8540,178252470-178262470,chr2,1,178257466-178257480,-,1.04e-06,GCGGGTGAAAGGTCA,15
57695,219428084-219438084,chr2,1,219433356-219433370,+,7.74e-06,GAGGGTCAGAGTTCA,15
285025,179909786-179919786,chr2,2,179914052-179914066;179915730-179915744,+;+,7.26e-07;2.72e-06,GTGTGGCAAAGGGCA;TTAGGTCAGAAGTCA,15;15
10602,37894342-37904678,chr2,1,37899904-37899918,-,8.93e-06,TCAGGGCAGAGGCCA,15
6509,65210578-65221494,chr2,1,65214145-65214159,-,5.67e-06,TTAGGATAAAGTTCA,15
6519,44497596-44507596,chr2,1,44504760-44504774,-,8.93e-06,GCAGGTCATAGGTCA,15
388,20641834-20651834,chr2,1,20650290-20650304,-,1.04e-07,GTGGGTGAAAGGTCA,15
9577,28108481-28118481,chr2,2,28113245-28113259;28113252-28113266,-;-,1.51e-06;3e-06,AAAGGGCAGAGGTCA;GTCGGGCAAAGGGCA,15;15
100131211,191394468-191404468,chr2,1,191399803-191399817,-,5.67e-06,GCAGGTCACAGGTCA,15
6574,113398433-113408433,chr2,1,113402142-113402156,+,5.23e-06,GTAGGTCAGAGGACA,15
80326,219740254-219750254,chr2,1,219748958-219748972,+,2.72e-06,CTGGGGGAGAGTTCA,15
375298,182516834-182526834,chr2,1,182525214-182525228,-,4.32e-07,GGGGGACAAAGGTCA,15
55825,216941539-216951539,chr2,1,216948788-216948802,+,8.93e-06,CTGGGGAAAAAGGCA,15
92691,216941588-216951588,chr2,1,216948788-216948802,+,8.93e-06,CTGGGGAAAAAGGCA,15
85465,26563953-26573953,chr2,1,26568719-26568733,-,1.51e-06,GGGGGTGAAAGGTCA,15
6683,32283679-32293679,chr2,1,32289606-32289620,-,6.09e-06,CTAGGACAAATGTCA,15
84058,74643884-74653884,chr2,1,74648947-74648961,-,7.12e-06,CTAGATCAGAGGTAA,15
10791,85806530-85816530,chr2,1,85812366-85812380,-,8.28e-06,TGAGGACAAAGGCCA,15
27178,113665547-113677769,chr2,1,113674450-113674464,-,7.74e-06,GTAGGACAGAGGACA,15
55854,187345884-187355884,chr2,1,187349276-187349290,+,5.67e-06,CGAAAGCAAAGGTCA,15
2637,237071652-237081652,chr2,1,237080859-237080873,+,8.93e-06,CCAGGACAAAAGGCA,15
64080,28108223-28118223,chr2,2,28113245-28113259;28113252-28113266,-;-,1.51e-06;3e-06,AAAGGGCAGAGGTCA;GTCGGGCAAAGGGCA,15;15
4719,207018918-207029243,chr2,1,207024540-207024554,-,1.95e-06,GAAGGTTAAAGGTCA,15
8837,201975876-201988268,chr2,1,201982118-201982132,+,2.3e-06,GTAGAACAAAGGCCA,15
8853,9341893-9351893,chr2,1,9348168-9348182,+,9.57e-06,GTGGGGAAAGGGGCA,15
2744,191740546-191750546,chr2,1,191745693-191745707,-,8.28e-06,GAAGAGGAAAGGGCA,15
699,111430684-111440684,chr2,3,111432365-111432379;111432408-111432422;111436930-111436944,-;-;-,7.12e-06;7.12e-06;2.72e-06,GAAGGGCAGAGGTCT;GAAGGGCAGAGGTCT;CTAGGGAAAAGGGGA,15;15;15
23233,73048177-73058177,chr2,1,73053083-73053097,-,5.23e-06,GCAGGGAAAAGGTGA,15
84695,74776062-74786062,chr2,1,74779957-74779971,+,7.74e-06,CTGAGGCACAGGTCA,15
85474,74725443-74735443,chr2,1,74726234-74726248,-,3.52e-06,CAAGGGAAAAGGGCA,15
92935,198565027-198575027,chr2,1,198573311-198573325,+,6.38e-07,CTGGGCCAAAGTTCA,15
9689,201671268-201682055,chr2,1,201675538-201675552,+,8.75e-07,GTGGGGTAGAGGTCA,15
285148,9609669-9619669,chr2,1,9615576-9615590,-,3.79e-06,TAAAGTCAAAGGTCA,15
2863,133169146-133179146,chr2,1,133172863-133172877,-,1.37e-06,GTAGGTCAAAGGACA,15
4929,157184287-157194287,chr2,1,157185757-157185771,+,8.93e-06,CCAAGGCAGAGGGCA,15
84812,219467487-219477487,chr2,1,219470417-219470431,+,4.87e-06,GTGGGGGAAGGGGCA,15
117583,205405515-205415515,chr2,1,205409643-205409657,-,1.27e-06,TTTGGCCAAAGGTCA,15
93010,232255334-232265334,chr2,1,232258611-232258625,+,4.13e-06,CCGGGTGAGAGGTCA,15
84826,128453596-128463596,chr2,1,128458087-128458101,+,3.23e-06,CTAGGGCAGAGGACA,15
79675,170425424-170435424,chr2,1,170430342-170430356,-,8.93e-06,TCATGGGAAAGGTCA,15
7035,188414219-188424219,chr2,1,188418369-188418383,-,8.93e-06,AAAGACCAAAGGTCA,15
2956,48005220-48015220,chr2,1,48009539-48009553,+,2.14e-06,CTGGGTCAAAGGGCT,15
9125,219428302-219438302,chr2,1,219433356-219433370,+,7.74e-06,GAGGGTCAGAGTTCA,15
164781,228731326-228741326,chr2,1,228740694-228740708,-,3.52e-06,GTAGATCAAAGATCA,15
2995,127408510-127418510,chr2,1,127414237-127414251,+,6.09e-06,TTAGGTGAGAGTTCA,15
57162,64366605-64376605,chr2,1,64368043-64368057,+,5.67e-06,CTATGGCACAGGTCA,15
23505,98607354-98617354,chr2,1,98608153-98608167,+,5.67e-06,GTAGGGGAAAATTCA,15
3030,26462594-26472594,chr2,2,26463939-26463953;26463980-26463994,-;-,4.45e-06;2.3e-06,GTAGGCTAAAGTTCA;GTGGGGCAAAGGTTT,15;15
3032,26462615-26472615,chr2,2,26463939-26463953;26463980-26463994,-;-,4.45e-06;2.3e-06,GTAGGCTAAAGTTCA;GTGGGGCAAAGGTTT,15;15
115677,169638048-169648048,chr2,1,169643704-169643718,+,3.79e-06,TTGAGACAAAGGGCA,15
5163,173415778-173425778,chr2,1,173416163-173416177,-,1.51e-06,GTAGAGCAAAGGGGA,15
9262,197031336-197041336,chr2,1,197031868-197031882,-,4.87e-06,CTGGGGGAGAGGCCA,15
150709,190535710-190545710,chr2,1,190538765-190538779,+,5.67e-06,GAGGGGAAAAGGGCA,15
5194,61239811-61249811,chr2,1,61244269-61244283,-,5.23e-06,GTAGGTAAGAGGTGA,15
7260,3376653-3386653,chr2,1,3381167-3381181,+,7.12e-06,CCAGGTCAGAAGTCA,15
60509,27269490-27279490,chr2,1,27274050-27274064,+,6.09e-06,GTAAGGCAAAGGGAA,15
58484,32484949-32495812,chr2,1,32487401-32487415,+,1.51e-06,CTGGGTCAAAGTTTA,15
27249,150439330-150449330,chr2,1,150444388-150444402,+,7.74e-06,GTGGGGCAGGGGTGA,15
23704,223911647-223921647,chr2,1,223918697-223918711,-,7.12e-06,TTAGACAAAAGGTCA,15
3232,177023804-177033804,chr2,1,177027897-177027911,+,5.67e-06,GCGAGCCAAAGGTCA,15
9392,105941148-105951148,chr2,1,105944314-105944328,-,8.93e-06,TTGGGTGAGAGGTGA,15
64708,232646161-232656161,chr2,1,232647313-232647327,+,2.3e-06,GTGGGTAAAAGGTGA,15
54529,190521124-190531124,chr2,1,190525941-190525955,+,4.45e-06,CTAGATAAGAGGTCA,15
165082,26564685-26574685,chr2,1,26568719-26568733,-,1.51e-06,GGGGGTGAAAGGTCA,15
79074,105949012-105959012,chr2,1,105953728-105953742,-,4.45e-06,CAATGGCAGAGGTCA,15
130340,224697319-224707319,chr2,1,224702908-224702922,+,7.12e-06,TAAGGGCAAAGATCA,15
64284,238494769-238504769,chr2,1,238499278-238499292,+,1.8e-06,GCAGAGCAGAGGTCA,15
23433,46764866-46774866,chr2,1,46774519-46774533,-,4.32e-07,GAAGGCCAAAGGTCA,15
3417,209114806-209124806,chr2,1,209118807-209118821,+,6.38e-07,GTGGGACAAAGGCCA,15
165215,187553788-187563788,chr2,1,187559450-187559464,-,6.09e-06,CCAGGGCAGAGGGTA,15
1385,208389615-208399615,chr2,1,208395575-208395589,-,3e-06,GGGGGGGAAAGGGCA,15
1386,176027934-176037934,chr2,1,176032754-176032768,-,3.79e-06,GATGGGCAGAGGTCA,15
9581,44581888-44594001,chr2,1,44589306-44589320,-,9.57e-06,CAGAGGCAAAGGTGA,15
79083,238390877-238400877,chr2,1,238398211-238398225,+,3.52e-06,TTAAGGCAGAGGGCA,15
9648,109060576-109070576,chr2,1,109065632-109065646,-,7.74e-06,GCAGGTCAAAGGTCG,15
150962,61240365-61250365,chr2,1,61244269-61244283,-,5.23e-06,GTAGGTAAGAGGTGA,15
7072,70470779-70480779,chr2,2,70474276-70474290;70475288-70475302,+;+,1.62e-06;5.87e-07,CTAAAACAAAGGTCA;CGAGAGCAAAGGTCA,15;15
3553,113589356-113599356,chr2,2,113592183-113592197;113594683-113594697,+;+,5.67e-06;7.74e-06,TGGGGGCAAAGGCCA;GTGGGACAAAGTGGA,15;15
51112,3378445-3388445,chr2,1,3381167-3381181,+,7.12e-06,CCAGGTCAGAAGTCA,15
3577,219026716-219036716,chr2,1,219034661-219034675,+,7.12e-06,TCAGAGCAAAGTTCA,15
130557,27598311-27608611,chr2,1,27603335-27603349,-,2.6e-07,GGGGGTCAAAGGTCA,15
400954,54947148-54957148,chr2,1,54950146-54950160,+,9.57e-06,TTAGGGCAGAAGTGA,15
3685,187449789-187459789,chr2,1,187453910-187453924,+,3e-06,CTAAGAAAAAGGTCA,15
7837,1743291-1753291,chr2,1,1747613-1747627,+,4.13e-06,GCGGGGGAAAGGTGA,15
3754,11047062-11057062,chr2,1,11054605-11054619,+,8.93e-06,ATGGGGGAGAGTTCA,15
80255,114509400-114519400,chr2,1,114518202-114518216,+,9.57e-06,GTAGGTCAGAGTTCT,15
253635,37306593-37316593,chr2,1,37307741-37307755,+,1.13e-06,ATGGGGGAAAGGGCA,15
3790,18054944-18064944,chr2,1,18060606-18060620,-,1.8e-06,GCAGGGCAAAGGGGA,15
1745,172945207-172955207,chr2,2,172949773-172949787;172954283-172954297,+;+,6.09e-06;8.93e-06,CAGAGGCAGAGGTCA;CTATGTCAAAGTTTA,15;15
1746,172962478-172972478,chr2,1,172971003-172971017,-,5.67e-06,GTGGGGCAAGGGTCT,15
84281,190997485-191007485,chr2,1,191001309-191001323,-,2.53e-06,CTGAGGCAGAGGGCA,15
1796,74771146-74786511,chr2,1,74779957-74779971,+,7.74e-06,CTGAGGCACAGGTCA,15
79634,175255456-175265456,chr2,1,175260454-175260468,+,6.62e-06,CGAGATCAAAGGTGA,15
30818,95958071-95968071,chr2,1,95962841-95962855,+,3e-06,GTAGGGGAGAGGCCA,15
7141,217719782-217729782,chr2,1,217721968-217721982,+,2.53e-06,CTATGGGAGAGGTCA,15
3938,136589750-136599750,chr2,1,136597489-136597503,-,2.53e-06,GTATGTTAAAGGTCA,15
388963,74639844-74649844,chr2,1,74648947-74648961,-,7.12e-06,CTAGATCAGAGGTAA,15
130940,159308265-159318265,chr2,2,159312948-159312962;159312955-159312969,+;+,5.23e-06;2.14e-06,ACATGTCAAAGGTCA;AAAGGTCAAAGGGCA,15;15
1933,207019317-207029317,chr2,1,207024540-207024554,-,1.95e-06,GAAGGTTAAAGGTCA,15
9541,175255443-175265443,chr2,1,175260454-175260468,+,6.62e-06,CGAGATCAAAGGTGA,15
10170,169916298-169942616,chr2,1,169929399-169929413,-,3e-06,GTAGAGTAGAGGTCA,15
79823,44584042-44594042,chr2,1,44589306-44589320,-,9.57e-06,CAGAGGCAAAGGTGA,15
131076,122097074-122107074,chr3,1,122102111-122102125,+,4.87e-06,GCGGAGCAAAGGTGA,15
9223,66019509-66029509,chr3,1,66027698-66027712,-,3.97e-07,TTGGATCAAAGGTCA,15
51244,14688252-14698252,chr3,3,14689745-14689759;14693490-14693504;14693665-14693679,+;-;-,3.79e-06;4.87e-06;2.14e-06,ATAGAACAAAGGTTA;TGAGGGGAGAGGTCA;GCAGGGCAGAGGTGA,15;15;15
55341,194388206-194398206,chr3,1,194392719-194392733,-,4.45e-06,CGGGGTCAAAAGTCA,15
4154,151980828-151990828,chr3,1,151988093-151988107,+,7.74e-06,CTAGGAGAGAAGTCA,15
57406,58218258-58228258,chr3,1,58223710-58223724,-,3.23e-07,CTGGGGGAGAGGTCA,15
89782,197682070-197692070,chr3,1,197686185-197686199,+,7.12e-06,GTAGTGGAAAGGGCA,15
2119,185821901-185831901,chr3,1,185829000-185829014,-,3.97e-07,TTGAGGCAAAGGTCA,15
95,52012299-52022299,chr3,1,52016572-52016586,+,1.51e-06,CTGGAGCAGAGGGCA,15
111,123162392-123172392,chr3,1,123163780-123163794,+,4.45e-06,CTGAGGCAGAGGTTA,15
8309,58517929-58527929,chr3,1,58521895-58521909,-,3.52e-06,CAGGGGCAAAGGGTA,15
2177,10063112-10073112,chr3,1,10065356-10065370,+,3e-06,ACAGGTCAAAGGTTA,15
51365,119311694-119321694,chr3,1,119317363-119317377,-,1.62e-06,CTGGGGGAAAGGTAA,15
401097,159938422-159948422,chr3,1,159944436-159944450,-,8.93e-06,GCAAGGCAGAGGGCA,15
10474,9829420-9839420,chr3,1,9834516-9834530,+,1.51e-06,CTGTGGCAAAGGTGA,15
200942,49204017-49214017,chr3,1,49208762-49208776,-,6.62e-06,GTATGGCAAGGGGCA,15
55540,53875576-53885576,chr3,1,53877568-53877582,-,3.97e-07,GCAGAGCAAAGGTCA,15
84223,197681886-197691886,chr3,1,197686185-197686199,+,7.12e-06,GTAGTGGAAAGGGCA,15
2317,57989126-57999126,chr3,1,57991745-57991759,-,2.72e-06,CCAGGACAGAGGGCA,15
28976,128593332-128603332,chr3,1,128597820-128597834,+,5.23e-06,CCAGGACAGAGGTGA,15
80218,113460120-113470120,chr3,1,113465088-113465102,-,1.51e-06,CGGGGTGAAAGGTCA,15
387,49444526-49454526,chr3,1,49449105-49449119,+,4.87e-06,TCAGGTCAAGGGTCA,15
8618,62856064-62866064,chr3,1,62859742-62859756,-,7.74e-06,CTGGGGCAGAGAGCA,15
10675,47615359-47626730,chr3,1,47625362-47625376,-,5.67e-06,TTGGGACAAAGTTGA,15
27086,71627904-71638140,chr3,1,71633834-71633848,+,6.09e-06,GGAGGTGAAAGTTCA,15
55773,99974660-99984660,chr3,1,99976297-99976311,+,6.62e-06,CTAGGTCAGAGGCGA,15
8702,118954752-118964752,chr3,1,118959211-118959225,+,3.23e-06,TTTGGAGAAAGGTCA,15
523,113460865-113470865,chr3,1,113465088-113465102,-,1.51e-06,CGGGGTGAAAGGTCA,15
131601,127304602-127314602,chr3,1,127308309-127308323,+,2.3e-06,ATAGGGCAGAGGCCA,15
4634,46899973-46909973,chr3,1,46905153-46905167,+,6.09e-06,GGGGGACAAAGGCCA,15
84517,169482683-169492683,chr3,1,169491427-169491441,+,8.93e-06,GCTGGGCAGAGGGCA,15
2632,81805950-81815950,chr3,1,81810848-81810862,-,7.12e-06,GGGGGAGAAAGGGCA,15
55892,169485852-169497052,chr3,1,169491427-169491441,+,8.93e-06,GCTGGGCAGAGGGCA,15
131669,126231616-126241616,chr3,1,126237859-126237873,-,8.28e-06,CAGGGTCAAAGATCA,15
51300,119212367-119222367,chr3,1,119217361-119217375,-,1.8e-06,CCGGGGCAAAGGCCA,15
604,187447695-187468513,chr3,1,187456631-187456645,+,3.79e-06,GTGGGATAAAGGTGA,15
100526693,9829231-9839231,chr3,1,9834516-9834530,+,1.51e-06,CTGTGGCAAAGGTGA,15
51372,48476685-48486685,chr3,1,48481540-48481554,-,1.95e-06,ACAGGTCAGAGGTCA,15
10869,49153371-49163371,chr3,1,49158647-49158661,+,6.62e-06,CTTGGGCAGGGGTCA,15
27074,182875667-182885667,chr3,1,182879705-182879719,-,7.12e-06,TTAGGGAAGAGGTGA,15
26355,122098022-122108022,chr3,1,122102111-122102125,+,4.87e-06,GCGGAGCAAAGGTGA,15
788,48931426-48941426,chr3,2,48934731-48934745;48936307-48936321,+;-,1.8e-06;8.93e-06,CAAGGACAAAGGTGA;GTGGGTGAAAGGTCG,15;15
344901,190925321-190935321,chr3,1,190934513-190934527,-,7.26e-07,CTGGAGCAAAGGTGA,15
6988,49444638-49454638,chr3,1,49449105-49449119,+,4.87e-06,TCAGGTCAAGGGTCA,15
846,121897529-121908180,chr3,1,121897728-121897742,-,8.93e-06,CTGGGTCAAAAGGTA,15
80723,136532860-136542860,chr3,1,136538671-136538685,+,9.57e-06,CGAGGGCAAGGGTTA,15
5010,170131652-170144027,chr3,2,170138515-170138529;170139410-170139424,+;-,1.95e-06;5.23e-06,GAAGGCCAGAGGTCA;GTGAGGCAGAGTTCA,15;15
11188,52484523-52494523,chr3,2,52485729-52485743;52485736-52485750,+;+,1.13e-06;9.57e-06,CAGGGTCAGAGGTCA;AGAGGTCAAGGGTCA,15;15
26084,153833791-153844148,chr3,1,153841876-153841890,+,5.23e-06,GTATAGCAAAGTTCA,15
259236,46737822-46747822,chr3,1,46743124-46743138,+,7.74e-06,CTGGGGGAGAGGGGA,15
7134,52483057-52493057,chr3,2,52485729-52485743;52485736-52485750,+;+,1.13e-06;9.57e-06,CAGGGTCAGAGGTCA;AGAGGTCAAGGGTCA,15;15
993,48224801-48234801,chr3,2,48228129-48228143;48230117-48230131,+;+,7.12e-06;4.13e-06,CTGGGTGAAAAGGCA;GGGGAGCAGAGGTCA,15;15
28512,23953537-23963537,chr3,1,23962672-23962686,+,1.51e-06,TCGGGCCAAAGGTCA,15
11342,149525474-149535474,chr3,1,149531270-149531284,+,8.28e-06,CTGGGTGAGAAGTCA,15
11344,52268183-52278183,chr3,2,52272298-52272312;52272396-52272410,+;+,7.26e-07;9.43e-07,GGAGGTCAGAGGTCA;GAGGAGCAAAGGTCA,15;15
253461,141038054-141048054,chr3,1,141041124-141041138,-,7.86e-07,GTGGGACAAGGGTCA,15
132243,129257056-129267056,chr3,1,129259744-129259758,-,1.13e-06,GTGGGTGAAAGTTCA,15
1238,42845963-42855963,chr3,1,42846240-42846254,-,5.67e-06,GAGGGGAAAAGGGCA,15
3280,193848930-193858930,chr3,1,193850237-193850251,-,5.67e-06,CTTGGTGAAAGGTGA,15
5364,48465872-48476460,chr3,1,48472940-48472954,+,2.72e-06,CAAGGTCAAGGGTCA,15
25852,137901114-137911114,chr3,1,137905254-137905268,+,8.28e-06,CCAGGGGAGAGGTTA,15
55349,53875420-53885420,chr3,1,53877568-53877582,-,3.97e-07,GCAGAGCAAAGGTCA,15
84864,97686295-97696295,chr3,1,97689293-97689307,+,5.67e-06,CTAGAGCAGAGGGGA,15
51714,150316065-150326065,chr3,1,150317459-150317473,+,6.38e-07,CTGGGGAAAAGGGCA,15
51421,134088406-134098406,chr3,1,134092929-134092943,-,7.74e-06,CTGGGGGAGAGGGGA,15
1370,194067057-194077057,chr3,1,194071226-194071240,-,6.62e-06,TGAGGGCAGAGGTGA,15
25994,42840934-42851027,chr3,1,42846240-42846254,-,5.67e-06,GAGGGGAAAAGGGCA,15
64925,49198785-49208785,chr3,1,49208762-49208776,-,6.62e-06,GTATGGCAAGGGGCA,15
3656,10201562-10211562,chr3,1,10202032-10202046,-,1.04e-06,CTGGGGCAGAGGCCA,15
5580,53190222-53200222,chr3,2,53193692-53193706;53193725-53193739,+;-,3.79e-06;9.57e-06,AGTGGGCAAAGGTCA;CTGGAGGAAAGGGTA,15;15
91653,112926374-112936374,chr3,1,112931521-112931535,+,8.85e-08,CTGGGGCAAAGGTGA,15
3615,49061875-49071875,chr3,1,49066626-49066640,-,2.72e-06,CTGGGGAAAAGGCCA,15
54847,113246217-113256217,chr3,1,113255832-113255846,+,8.93e-06,CTGGGACAGAAGGCA,15
1608,186075023-186085023,chr3,1,186077041-186077055,-,1.27e-06,CCAGGCCAAAGGGCA,15
339896,30931153-30941153,chr3,1,30932709-30932723,-,8.28e-06,TGAGGGAAAAGGGCA,15
9819,150121787-150131787,chr3,1,150125008-150125022,+,8.93e-06,GTATGTCAAAGTTTA,15
56954,100048561-100058561,chr3,1,100053392-100053406,-,3.23e-06,GAAAGGCAAAGGGCA,15
56987,107236782-107246782,chr3,1,107241576-107241590,-,4.87e-06,GTGGGGTAAAGGGGA,15
401052,10047779-10057779,chr3,1,10057637-10057651,-,2.14e-06,CTAAGGCAAAGGTCT,15
7867,50644292-50659561,chr3,1,50654930-50654944,-,2.14e-06,CTGGGGGAAAGGGGA,15
7869,50300039-50310039,chr3,1,50306596-50306610,+,7.12e-06,CTGGGGCAGAGTCCA,15
389114,42942401-42952657,chr3,1,42942456-42942470,+,4.87e-06,TCAGGGCAGAGGTGA,15
57060,51991908-52006482,chr3,1,52002416-52002430,+,8.28e-06,GGTGGACAAAGGGCA,15
89857,183268499-183278499,chr3,1,183273300-183273314,-,7.26e-07,ATGGGGAAAAGGTCA,15
100506243,42972833-42982833,chr3,1,42977723-42977737,-,6.09e-06,GTGAGGAAAAGGGCA,15
25981,52345334-52355334,chr3,1,52347996-52348010,+,8.75e-07,GTGGATGAAAGGTCA,15
10063,119391243-119401243,chr3,2,119395919-119395933;119395940-119395954,+;+,5.23e-06;5.23e-06,AGAGGGCAGAGGGCA;AGAGGGCAGAGGGCA,15;15
79714,48476529-48486529,chr3,1,48481540-48481554,-,1.95e-06,ACAGGTCAGAGGTCA,15
10093,9829178-9839800,chr3,1,9834516-9834530,+,1.51e-06,CTGTGGCAAAGGTGA,15
55167,135908310-135919688,chr3,1,135913319-135913333,+,6.62e-06,CTGGGGCAAAGTTCC,15
28999,126071236-126081236,chr3,2,126072254-126072268;126077127-126077141,-;-,3.79e-06;6.62e-06,GAGGGTCAGAGGGCA;GTGGATTAAAGGGCA,15;15
79782,169582660-169592660,chr3,1,169587852-169587866,-,5.23e-06,ATAGGGCAAAGTTAA,15
51143,32607366-32617366,chr3,1,32611660-32611674,+,8.93e-06,CTGGGTCAAGGGTCT,15
2042,89151673-89161673,chr3,1,89156880-89156894,-,9.57e-06,CTGGTGCAGAGGGCA,15
6138,23953294-23964195,chr3,1,23962672-23962686,+,1.51e-06,TCGGGCCAAAGGTCA,15
389119,49835686-49845686,chr3,2,49844017-49844031;49845180-49845194,+;+,5.22e-07;9.43e-07,CAGGGGCAAAGGGCA;CTGGGGCAAAAGGCA,15;15
22872,83807335-83817419,chr4,1,83815363-83815377,-,1.51e-06,TGAGAGCAAAGGTCA,15
6164,109536721-109546748,chr4,1,109541701-109541715,-,5.23e-06,CCAGTTCAAAGGTCA,15
6189,152015724-152025724,chr4,1,152020708-152020722,+,2.26e-07,ACAGGGCAAAGGTCA,15
2110,159588276-159598276,chr4,3,159593679-159593693;159593758-159593772;159593843-159593857,+;+;+,8.28e-06;1.8e-09;5.87e-07,TTAGGGCAAAAGGGA;CTAGGGCAAAGGTCA;CTAGGCTAAAGGTCA,15;15;15
79966,83715010-83725010,chr4,1,83718489-83718503,-,8.93e-06,CCAGGACAAAAGGCA,15
2180,185742215-185752215,chr4,1,185747431-185747445,+,5.23e-06,GAAGGACAAAGGGTA,15
2195,187639987-187649987,chr4,2,187641325-187641339;187645656-187645670,-;+,4.13e-06;2.53e-06,GAAGGGAAGAGGTCA;GTGGGACAAAAGGCA,15;15
4258,140581921-140591921,chr4,1,140587026-140587040,+,3.97e-07,CCAGAGCAAAGGTCA,15
10417,1197750-1207750,chr4,1,1199048-1199062,+,9.57e-06,CTGGGGAAGAGGCCA,15
57600,159685181-159695181,chr4,1,159690544-159690558,+,3.23e-06,GTAGGGGAAAGGGAA,15
84273,57838826-57848826,chr4,1,57845476-57845490,+,7.74e-06,TTGAAGCAAAGGGCA,15
399,40193526-40203526,chr4,1,40202628-40202642,-,3e-06,ATGGGGAAGAGGTCA,15
55728,40053523-40063523,chr4,1,40057564-40057578,+,5.67e-06,TGGGGGCAAAGGCCA,15
27068,106390227-106400227,chr4,1,106392869-106392883,-,4.87e-06,GTAGGGCAAAGTGAA,15
55763,56714815-56724815,chr4,1,56718223-56718237,-,7.12e-06,CTTGTTCAAAGGTCA,15
63973,113432328-113442328,chr4,1,113438541-113438555,-,3e-06,GCGGAGCAGAGGTCA,15
166378,123839224-123849224,chr4,1,123844210-123844224,-,7.12e-06,CCGGGGCAGAAGTCA,15
2565,46121082-46131082,chr4,1,46126194-46126208,+,7.12e-06,GTAGGGAAAAGGGCT,15
84525,57542872-57552872,chr4,1,57547705-57547719,-,5.22e-07,CTAGGAGAGAGGTCA,15
6731,57328761-57338761,chr4,1,57333759-57333773,+,8.93e-06,CCGGGGCAGAGGTCT,15
2638,72664758-72676237,chr4,1,72671359-72671373,+,8.28e-06,GATGATCAAAGGTCA,15
51809,174084903-174094903,chr4,1,174089578-174089592,+,6.09e-06,GCAGGGCAAAGGCTA,15
10861,982183-992224,chr4,1,986505-986519,-,7.74e-06,TCAAGGGAAAGGTCA,15
64116,103261348-103271655,chr4,1,103266809-103266823,-,2.72e-06,GTGGGGAAGAGGGCA,15
11275,166123769-166136170,chr4,1,166127954-166127968,-,2.72e-06,CTAGGGCAGAGGGAA,15
8987,77222178-77232178,chr4,2,77228667-77228681;77229902-77229916,+;-,7.12e-06;1.27e-06,GGAAGGCAAAGTTCA;GTGGGGCAAAGGGCT,15;15
9061,108636419-108646419,chr4,1,108641527-108641541,+,8.93e-06,CCGGGGCAGAGGTCT,15
2919,74730108-74740108,chr4,1,74732185-74732199,-,4.13e-06,CCGAGGCAAAGGGCA,15
60312,7936653-7946653,chr4,1,7943250-7943264,-,3.79e-06,CTGGGCAAGAGGTCA,15
11162,123838761-123848761,chr4,1,123844210-123844224,-,7.12e-06,CCGGGGCAGAAGTCA,15
152789,6197318-6207318,chr4,1,6202761-6202775,+,4.13e-06,GAAGGTCAGAGGTTA,15
152485,146854607-146864607,chr4,3,146857912-146857926;146858316-146858330;146859975-146859989,-;+;+,8.28e-06;7.74e-06;5.67e-06,GTGGGGGAAGGGTTA;GTGGGGGAAAAGTTA;CGGGATCAAAGGGCA,15;15;15
3033,108905869-108915869,chr4,1,108911824-108911838,-,8.28e-06,CTATTTCAAAGGTCA,15
345079,77814002-77824002,chr4,1,77819355-77819369,+,1.51e-06,CTGGGGGAAGGGTCA,15
3148,174249920-174260595,chr4,1,174253355-174253369,-,8.93e-06,CAAGGGCAAAAGTGA,15
285550,15678351-15688351,chr4,1,15683703-15683717,+,6.09e-06,TCAGGCCAAAGTTCA,15
3248,175439044-175449049,chr4,1,175445565-175445579,+,9.57e-06,TGAGGTCAAAGTGCA,15
9464,174446378-174456378,chr4,1,174446726-174446740,-,8.28e-06,GGAGGAGAAAGGTGA,15
84869,169926468-169936468,chr4,1,169930475-169930489,+,7.74e-06,GCAGAACAAAGTTCA,15
7466,6266576-6276576,chr4,1,6272463-6272477,-,7.74e-06,GTGGGTGAGAGGCCA,15
7468,1868122-1878122,chr4,1,1876130-1876144,-,7.74e-06,AGGGGAGAAAGGTCA,15
5431,57840108-57850108,chr4,1,57845476-57845490,+,7.74e-06,TTGAAGCAAAGGGCA,15
64854,53517759-53530502,chr4,1,53528686-53528700,+,2.83e-08,CTAGAGCAAAGGTCA,15
64399,145562147-145572147,chr4,1,145566101-145566115,+,1.27e-06,CTGGGGAAAAGGTTA,15
9662,56809973-56819973,chr4,1,56815634-56815648,-,4.45e-06,GCTGGGCAAAGGTTA,15
9693,160183997-160193997,chr4,1,160188666-160188680,+,6.09e-06,GTGGGACAGAGATCA,15
80319,105411058-105421058,chr4,1,105413516-105413530,+,3.79e-06,CTAAGGAAAAGGGCA,15
91746,69210824-69220824,chr4,1,69215440-69215454,-,7.74e-06,GGAGGAGAAAGGTTA,15
132720,113061552-113071552,chr4,1,113061902-113061916,+,1.13e-06,GTAGGCCAAAGGGTA,15
55236,68561889-68571889,chr4,1,68567114-68567128,-,6.62e-06,GTAGAGCAAGGGTGA,15
94031,8266488-8276488,chr4,2,8268486-8268500;8269169-8269183,+;+,6.62e-06;7.12e-06,CTTGGGCAGGGGTCA;GAAGAGCAAAGGCCA,15;15
56955,88737562-88747562,chr4,1,88740522-88740536,-,8.28e-06,GGAAGACAAAGGGCA,15
79642,114895878-114905878,chr4,1,114901500-114901514,-,8.28e-06,TTAGGGGAGAGGTAA,15
79644,56207387-56217387,chr4,1,56213075-56213089,-,2.53e-06,TTGGGGCAAGGGGCA,15
308,122613147-122623147,chr4,1,122621375-122621389,-,8.28e-06,TTTGGACAAAGGCCA,15
55132,128977502-128987502,chr4,1,128981839-128981853,+,2.3e-06,CTGGGGCAAAGGTTT,15
51056,17573926-17583926,chr4,1,17579598-17579612,+,7.74e-06,GGAAGTGAAAGGTCA,15
10141,5521882-5531882,chr4,1,5527994-5528008,-,3.79e-06,TTGGGTCAAAGGTCC,15
83888,15959859-15969859,chr4,1,15967183-15967197,-,8.28e-06,CTAGTGCAAAGGTCT,15
27071,100732980-100742980,chr4,1,100736934-100736948,-,6.62e-06,GTGGAACAAAGTGCA,15
4085,120983013-120993013,chr4,1,120988058-120988072,-,7.12e-06,CTGAGAGAAAGGGCA,15
4043,3529224-3539224,chr4,1,3531275-3531289,-,8.93e-06,GGAGGTCAGAGGCCA,15
201725,159588202-159598202,chr4,3,159593679-159593693;159593758-159593772;159593843-159593857,+;+;+,8.28e-06;1.8e-09;5.87e-07,TTAGGGCAAAAGGGA;CTAGGGCAAAGGTCA;CTAGGCTAAAGGTCA,15;15;15
51247,138672518-138683133,chr5,1,138678009-138678023,-,7.12e-06,GCAGGGGAAAGGGTA,15
340024,1196709-1206709,chr5,1,1200126-1200140,+,3.46e-07,TAGGGGCAAAGGTCA,15
10318,150455645-150472221,chr5,1,150465138-150465152,+,8.93e-06,GGAGAGGAAAGGGCA,15
2150,76109832-76119832,chr5,1,76116435-76116449,+,5.67e-06,CAGGAGCAAAGGTTA,15
147,159338739-159348739,chr5,1,159339517-159339531,-,3.97e-07,GTAAGGCAGAGGTCA,15
2201,127868735-127878735,chr5,1,127874774-127874788,-,2.53e-06,GGAGGGCAAAGGGGA,15
57507,124075805-124085805,chr5,1,124075932-124075946,+,1.8e-06,CTTGGGGAAAGGGCA,15
153768,145209867-145219899,chr5,1,145215286-145215300,+,7.12e-06,GTGTGACAAAGGCCA,15
84249,139170405-139180405,chr5,1,139179101-139179115,-,6.09e-06,TTGGGGAAAAGGCCA,15
64901,170283895-170293895,chr5,1,170288695-170288709,+,3e-06,TTGTGTCAAAGGGCA,15
51520,145557294-145567294,chr5,1,145562121-145562135,-,8.28e-06,GGAGGGGAAAGGTAA,15
6500,133507724-133517724,chr5,1,133507928-133507942,+,1.37e-06,CAAGGGCAAAGGCCA,15
115123,126361440-126371440,chr5,1,126361837-126361851,-,6.62e-06,CTGGGCCATAGGTCA,15
6584,131700400-131710400,chr5,1,131700943-131700957,-,6.62e-06,CTAGGGGAAAGGTGT,15
4552,7864216-7874216,chr5,1,7866536-7866550,+,5.67e-06,ATAAGGCAAAAGTCA,15
55374,140014011-140024011,chr5,1,140018734-140018748,-,3.79e-06,CTAGATGAAAGTTCA,15
6643,122105749-122115749,chr5,1,122110955-122110969,-,2.53e-06,GCAGGGGAAAGGTGA,15
2561,160970130-160980130,chr5,1,160976049-160976063,-,3.23e-06,GGAGGGGAAAGGTTA,15
10769,57750966-57760966,chr5,1,57758237-57758251,-,8.93e-06,GGGAAGCAAAGGTCA,15
6695,136830018-136840018,chr5,1,136839346-136839360,-,6.62e-06,GAAGGGCAGAGGTAA,15
133686,36236900-36247258,chr5,1,36242696-36242710,+,9.57e-06,ATAGGACAAAGTCCA,15
84105,134235809-134245809,chr5,1,134238323-134238337,-,6.62e-06,GGGAGGCAGAGGTCA,15
4726,1796495-1806495,chr5,1,1801507-1801521,+,3e-06,CCGGGTCAAAGGCCA,15
8878,179228387-179239002,chr5,1,179235122-179235136,-,3.79e-06,GTGGGGCAGAGGTCC,15
10960,176773885-176783885,chr5,1,176778372-176778386,+,7.12e-06,TCAGGAGAAAGGGCA,15
6880,68660409-68670840,chr5,2,68665355-68665369;68665691-68665705,-;-,1.71e-07;2.6e-07,GTAGAGCAAAGGGCA;CTAGGTGAAAGGGCA,15;15
23305,131342355-131352761,chr5,1,131344118-131344132,+,5.67e-06,CTAAGGCAGAGGCCA,15
821,179120929-179130929,chr5,1,179127467-179127481,+,9.57e-06,TTAGAGCAGAGGTAA,15
11076,688510-698510,chr5,1,693645-693659,-,7.74e-06,GTAAGGCAGAGGTCT,15
80230,178972561-178991692,chr5,1,178977498-178977512,+,8.93e-06,CTAAGGCAAAGGCGA,15
27039,137220124-137230124,chr5,1,137224583-137224597,-,2.53e-06,TTATGTGAAAGGTCA,15
3074,73975968-73985968,chr5,1,73981892-73981906,-,4.45e-06,TTAGGAGAGAGGGCA,15
11282,179224875-179238952,chr5,1,179235122-179235136,-,3.79e-06,GTGGGGCAGAGGTCC,15
9260,176919602-176929602,chr5,1,176922813-176922827,+,8.93e-06,TGGGGTCAAAGGCCA,15
79072,7864150-7874150,chr5,1,7866536-7866550,+,5.67e-06,ATAAGGCAAAAGTCA,15
81792,33887124-33897124,chr5,1,33892578-33892592,-,7.74e-06,GTTGGGAAAAGTTCA,15
167127,36062023-36072023,chr5,1,36067045-36067059,-,2.3e-06,GAGGGGCAGAGGGCA,15
167465,71798249-71808249,chr5,1,71800146-71800160,+,7.86e-07,CCAGGGAAAAGGTCA,15
134548,132144032-132154032,chr5,1,132151231-132151245,+,1.8e-06,CAGGGTCAAAGGTTA,15
1436,149487935-149497935,chr5,1,149487922-149487936,+,2.53e-06,AAGGGGCAGAGGTCA,2
64411,141056800-141066800,chr5,1,141061818-141061832,-,8.93e-06,GGAGGGCAGAGGGGA,15
285601,94950979-94960979,chr5,1,94954987-94955001,-,4.45e-06,CTAGAGAAAAGGTGA,15
64979,1794956-1804956,chr5,1,1801507-1801521,+,3e-06,CCGGGTCAAAGGCCA,15
347732,134298595-134308595,chr5,1,134300609-134300623,-,6.38e-07,AGAGGTCAAAGGTCA,15
83463,176734292-176744292,chr5,1,176737609-176737623,+,6.09e-06,GAAGGCCAGAGGGCA,15
9782,138604440-138614440,chr5,1,138609788-138609802,-,1.8e-06,GGAGGGGAAAGGGCA,15
54540,176976548-176986548,chr5,1,176981600-176981614,+,6.09e-06,ACAGGTCAGAGGGCA,15
81848,141699620-141709620,chr5,1,141703755-141703769,+,7.26e-07,GCGGAGCAAAGGTCA,15
50805,1877880-1887880,chr5,1,1886060-1886074,+,5.23e-06,GTGGGCCAGAAGTCA,15
9867,108740675-108750675,chr5,1,108746377-108746391,-,2.72e-06,GAGGGGCAAGGGTCA,15
285659,180576942-180586942,chr5,1,180577174-180577188,+,7.12e-06,CTAGGGCACAAGTCA,15
7903,100233970-100243987,chr5,1,100239273-100239287,+,1.27e-06,CTAGGTGAGAGGGCA,15
51308,137769689-137779689,chr5,1,137771843-137771857,-,7.74e-06,CTTTGTCAGAGGTCA,15
5884,68660123-68672280,chr5,2,68665355-68665369;68665691-68665705,-;-,1.71e-07;2.6e-07,GTAGAGCAAAGGGCA;CTAGGTGAAAGGGCA,15;15
3842,72107417-72117417,chr5,1,72115004-72115018,+,3.79e-06,GAAGGTCAAAGGGGA,15
79628,148437737-148447737,chr5,1,148443288-148443302,+,4.45e-06,ATAGGTAAAAGGTTA,15
6793,171610346-171620346,chr5,1,171614207-171614221,+,1.51e-06,CTAGGGGAGAGGTGA,15
51015,128425441-128435441,chr5,1,128434436-128434450,-,1.13e-06,CTTGGGAAAAGGTCA,15
8507,73932249-73942249,chr5,1,73937242-73937256,-,9.57e-06,TTAGGGCAGAGTCCA,15
3950,135285723-135295723,chr5,1,135291448-135291462,-,3.52e-06,GGAAGGCAAAGGGCA,15
9542,139417884-139427884,chr5,1,139422793-139422807,+,2.53e-06,CTAGGGCAGGGGGCA,15
100130733,61869561-61879561,chr5,1,61871102-61871116,-,4.45e-06,CTGGGACAAAAGTTA,15
51121,172381438-172391438,chr5,1,172386641-172386655,-,7.12e-06,GTGGGGGAGAGGGTA,15
112574,53808588-53818592,chr5,1,53816167-53816181,-,6.62e-06,CTTTAGCAAAGGTCA,15
94234,1307674-1317674,chr6,1,1311587-1311601,+,6.09e-06,CAAGAGTAAAGGTCA,15
39,160177988-160187988,chr6,1,160183788-160183802,-,8.93e-06,TCTGAGCAAAGGTCA,15
221264,110007415-110017415,chr6,2,110008607-110008621;110016837-110016851,+;-,1.62e-06;2.72e-06,ATAGAGCAAAGGTGA;CAAGAGGAAAGGTCA,15;15
6239,7102829-7113085,chr6,1,7106608-7106622,+,2.26e-07,CAGGGTCAAAGGTCA,15
4217,137108656-137118656,chr6,2,137109001-137109015;137109227-137109241,+;+,2.83e-08;7.74e-06,GTAGAGCAAAGGTCA;ATAGGGCAGAGTTGA,15;15
8344,26179023-26189023,chr6,1,26184355-26184369,+,4.87e-06,CTGTGTCAGAGGGCA,15
8354,27835099-27845099,chr6,1,27839686-27839700,-,6.62e-06,CGAGGGGAGAGGGCA,15
8360,26184304-26194304,chr6,1,26184355-26184369,+,4.87e-06,CTGTGTCAGAGGGCA,15
8364,26099175-26109175,chr6,1,26105092-26105106,+,8.93e-06,GTTGAACAAAGGTTA,15
8368,27836289-27846289,chr6,1,27839686-27839700,-,6.62e-06,CGAGGGGAGAGGGCA,15
202,106954729-106964729,chr6,1,106961020-106961034,-,3.79e-06,GGAGGGGAAAGTTCA,15
51406,13610558-13620558,chr6,1,13615553-13615567,+,8.75e-07,CCGGGTCAGAGGTCA,15
135398,49513112-49523112,chr6,1,49518183-49518197,+,8.28e-06,CTAGGATAGAGGTGA,15
2309,108876025-108887068,chr6,1,108886573-108886587,+,9.57e-06,GAGGGGAAAAGGTTA,15
221458,39688181-39698181,chr6,1,39693106-39693120,-,9.57e-06,AGAGGTCAAGGGTCA,15
221472,36968422-36978422,chr6,1,36973381-36973395,-,4.87e-06,GCAGGGGAAAGGCCA,15
10554,32138916-32148916,chr6,1,32144381-32144395,-,1.51e-06,GAGGGACAAAGGGCA,15
2444,116376921-116386921,chr6,1,116382685-116382699,-,7.74e-06,GGAGGTCAAAGTTTA,15
29116,16124316-16134316,chr6,1,16131336-16131350,-,4.45e-06,CTGAGGCAGAGGTTA,15
80328,150258135-150268135,chr6,1,150262994-150263008,+,2.72e-06,TTGGGACAAAGGGGA,15
2519,143828020-143838020,chr6,1,143837920-143837934,+,4.45e-06,GGAGGGAAGAGGTCA,15
221656,18150618-18160618,chr6,1,18153375-18153389,-,8.93e-06,GAGGGGCAAAGGGAA,15
113115,136566449-136576449,chr6,1,136572696-136572710,-,5.67e-06,CAAGGGCAAAGGGAA,15
63915,8059647-8069647,chr6,1,8064174-8064188,-,7.12e-06,GTAGTGGAAAGGGCA,15
221662,17276808-17287931,chr6,1,17277172-17277186,-,8.93e-06,GCTGGGCAGAGGGCA,15
23033,83772384-83782384,chr6,1,83777846-83777860,+,4.87e-06,CTGGGGCAGAGGTCG,15
55809,42414783-42424783,chr6,1,42422070-42422084,-,3e-06,GAAGGGGAAAGGTTA,15
10758,111922477-111932477,chr6,2,111923844-111923858;111926924-111926938,+;+,5.67e-06;1.95e-06,ATAGGTGAAAGGTAA;ATAGGTCAGAGGTGA,15;15
594,80811343-80821343,chr6,1,80816836-80816850,+,7.12e-06,ATGGGTGAGAGGGCA,15
6745,7308541-7318541,chr6,1,7313931-7313945,+,9.57e-06,CCAGGCCAGAGTTCA,15
84071,109164618-109174618,chr6,1,109172217-109172231,-,3.52e-06,GGAGGGCAAAGATCA,15
10864,43260997-43270997,chr6,1,43264953-43264967,+,4.45e-06,TTAGGTCAAAAGTGA,15
2697,121751744-121761744,chr6,2,121756703-121756717;121758658-121758672,-;+,6.09e-06;1.62e-06,GGAGGGCAAAGGGAA;CAAGGGGAAAGGGCA,15;15
8871,158397887-158407887,chr6,1,158405828-158405842,-,4.87e-06,AAGGGTGAAAGGTCA,15
30834,30024035-30034035,chr6,1,30029619-30029633,+,7.74e-06,CCAGGGGAAAGGGGA,15
4794,44228525-44238525,chr6,1,44232007-44232021,-,1.27e-06,GTGGGCCAGAGGGCA,15
2794,30520371-30530371,chr6,1,30524691-30524705,+,5.87e-07,GGAGGTCAAAGGGCA,15
6908,170858420-170868420,chr6,1,170863126-170863140,+,2.53e-06,GCGGGGGAGAGGTCA,15
22999,72591405-72601405,chr6,1,72597049-72597063,+,3.23e-06,GCAGGGAAGAGGTCA,15
780,30846860-30861464,chr6,1,30856187-30856201,-,1.51e-06,CTAGGGCAGAGATCA,15
6993,159060804-159070804,chr6,1,159063345-159063359,+,1.27e-06,ATGGGTAAAAGGTCA,15
84830,11774280-11784280,chr6,1,11774826-11774840,+,7.74e-06,GGGAGGGAAAGGTCA,15
80742,30519485-30529485,chr6,1,30524691-30524705,+,5.87e-07,GGAGGTCAAAGGGCA,15
84918,150180480-150190480,chr6,1,150185642-150185656,+,5.23e-06,CTAGGGCAGGGTTCA,15
3009,27830359-27840359,chr6,1,27839686-27839700,-,6.62e-06,CGAGGGGAGAGGGCA,15
3010,26103364-26113364,chr6,1,26105092-26105106,+,8.93e-06,GTTGAACAAAGGTTA,15
7172,18150374-18160374,chr6,1,18153375-18153389,-,8.93e-06,GAGGGGCAAAGGGAA,15
23595,88294784-88304784,chr6,1,88299812-88299826,-,1.95e-06,GCAGGGCAGAGGTTA,15
58496,31633727-31643727,chr6,1,31633835-31633849,-,2.72e-06,GTGGGGAAGAGGGCA,15
11116,167407815-167417815,chr6,1,167413427-167413441,-,6.62e-06,CAGGTGCAAAGGTCA,15
257218,146280233-146290233,chr6,2,146284564-146284578;146285260-146285274,+;-,8.93e-06;9.57e-06,CTTGGAAAAAGGGCA;GAAGGTCAGGGGTCA,15;15
5269,2957404-2977399,chr6,1,2957684-2957698,+,5.67e-06,TCAGGGCAAAGATCA,15
56479,73326570-73336570,chr6,1,73336180-73336194,+,3.23e-06,GTAGAGCAAAAGGCA,15
54438,13481415-13492869,chr6,1,13481574-13481588,+,9.57e-06,CTGGTGCAAAGGCCA,15
25957,99868207-99878207,chr6,1,99875230-99875244,-,3e-06,GGAGGGCAGAGGTGA,15
56897,2760665-2770665,chr6,1,2768572-2768586,+,7.74e-06,TTTGGTGAGAGGTCA,15
221409,44305396-44315396,chr6,1,44310425-44310439,-,3.79e-06,CTAGGGCAAAAGGGA,15
5460,31129615-31139615,chr6,1,31138497-31138511,-,3.52e-06,CGGGGCCAGAGGTCA,15
6722,43133919-43143919,chr6,1,43138449-43138463,+,4.87e-06,GTAGGGGAAAAGTTA,15
25998,82952448-82962448,chr6,1,82957590-82957604,-,9.57e-06,CCAGGGAAAAGGCCA,15
5603,36093260-36103260,chr6,2,36095497-36095511;36095610-36095624,-;-,8.93e-06;4.85e-07,CTTGAGCAAGGGTCA;GTGGGGCAGAGGTGA,15;15
90025,83770545-83780545,chr6,1,83777846-83777860,+,4.87e-06,CTGGGGCAGAGGTCG,15
347733,3222968-3232968,chr6,1,3231788-3231802,-,7.74e-06,GAGGAACAAAGGGCA,15
5689,170857417-170867417,chr6,1,170863126-170863140,+,2.53e-06,GCGGGGGAGAGGTCA,15
54887,34754793-34764793,chr6,3,34760772-34760786;34763628-34763642;34763697-34763711,+;+;+,4.87e-06;7.12e-06;1.8e-06,ATTGGAGAAAGGTCA;CTGAGGAAGAGGTCA;TTAGGGGAAAGGCCA,15;15;15
56940,287100-297100,chr6,1,290651-290665,+,6.09e-06,AGAGGGGAAAGGGCA,15
116379,137489785-137499785,chr6,1,137491476-137491490,-,6.62e-06,GTAAGGCAGGGGTCA,15
9896,110007423-110017423,chr6,2,110008607-110008621;110016837-110016851,+;-,1.62e-06;2.72e-06,ATAGAGCAAAGGTGA;CAAGAGGAAAGGTCA,15;15
57038,88294735-88304735,chr6,1,88299812-88299826,-,1.95e-06,GCAGGGCAGAGGTTA,15
26235,99390849-99400849,chr6,1,99393008-99393022,-,6.09e-06,CTAGGTCAGAGGCTA,15
7915,24490196-24500196,chr6,1,24495014-24495028,+,9.57e-06,TTAGGGCAAGGTGCA,15
55603,82457428-82467428,chr6,1,82463576-82463590,+,1.8e-06,GTGGGGCAGAGGGGA,15
1871,20397136-20409033,chr6,2,20403137-20403151;20404419-20404433,-;+,3e-06;2.72e-06,GTAGGGAAAAGTGCA;GTGGGTCAGAGGGTA,15;15
51053,24770158-24780640,chr6,1,24775018-24775032,+,9.43e-07,GAGGGTCAAAGGGCA,15
57231,86298629-86308629,chr6,1,86303471-86303485,+,7.26e-07,CTGAGGCAGAGGTCA,15
83861,159416198-159426198,chr6,1,159418105-159418119,-,3.79e-06,GAAGGTCAAAGGGGA,15
221496,33749719-33761906,chr6,1,33755782-33755796,+,2.14e-06,GTAAGCCAGAGGTCA,15
23195,90524442-90534442,chr6,1,90526748-90526762,-,9.57e-06,TTGGGTGAGAGTTCA,15
2045,94124300-94134300,chr6,1,94132922-94132936,+,6.62e-06,GGAAGTCAGAGGTCA,15
100130880,137633093-137643093,chr7,1,137638862-137638876,-,5.22e-07,CAAGGTCAAAGGGCA,15
55607,94531948-94544209,chr7,1,94538026-94538040,+,4.87e-06,GTAGGGGAGAGGGGA,15
4289,130789854-130799854,chr7,2,130790826-130790840;130795710-130795724,+;-,1.51e-06;7.26e-07,GGAGGGCAGAGGGCA;CTGTGGCAAAGGGCA,15;15
55501,2438194-2448194,chr7,1,2439339-2439353,+,3.23e-06,CAGGGCCAGAGGTCA,15
10447,121031422-121041422,chr7,1,121035052-121035066,-,6.62e-06,CGAGAGTAAAGGTCA,15
10466,107199959-107209959,chr7,1,107200593-107200607,-,1.8e-06,CTGTGTGAAAGGTCA,15
116988,150778825-150788825,chr7,1,150788708-150788722,+,4.16e-08,GCAGGGCAAAGGTCA,15
222255,105512031-105522031,chr7,1,105517834-105517848,-,9.57e-06,CTGGAGCAAAGTCCA,15
57639,76746933-76756933,chr7,1,76751642-76751656,-,3.79e-06,CCAGGTCAGAGTTCA,15
55112,158644268-158654268,chr7,1,158651552-158651566,-,7.74e-06,GCAGGGGAAAGGGGA,15
28996,139472693-139482693,chr7,1,139474548-139474562,-,6.09e-06,CTAGTGCAAAGGCCA,15
10643,23504995-23514995,chr7,1,23505296-23505310,+,9.57e-06,CAAGTACAAAGGTCA,15
4521,2276856-2287539,chr7,1,2284176-2284190,-,9.57e-06,GAAGGTGAGAGGGCA,15
8621,39984958-39994958,chr7,1,39988895-39988909,-,8.93e-06,TTGAGCGAAAGGTCA,15
64005,45013704-45023704,chr7,1,45019728-45019742,+,5.87e-07,GGAGGTCAAAGGGCA,15
90637,1194855-1204855,chr7,1,1196691-1196705,-,5.23e-06,ATGGGTCACAGGTCA,15
168507,47983071-47993071,chr7,1,47985079-47985093,+,4.87e-06,CTAGGTCAAAGGCCT,15
6717,87844399-87861308,chr7,1,87850011-87850025,+,3.46e-07,GTAGGACAGAGGGCA,15
6718,137756177-137766177,chr7,1,137759233-137759247,+,8.28e-06,TTAAGACAGAGGGCA,15
669,134326530-134336530,chr7,1,134334252-134334266,+,5.67e-06,GAAGAACAGAGGTCA,15
55972,87500692-87510692,chr7,1,87505411-87505425,+,3.79e-06,CTGGGGCAGAAGGCA,15
10926,87500543-87510543,chr7,1,87505411-87505425,+,3.79e-06,CTGGGGCAGAAGGCA,15
8887,27773991-27784713,chr7,1,27775024-27775038,+,1.37e-06,ATGGGGCAAAGGTCT,15
352954,99864855-99874855,chr7,1,99867978-99867992,+,2.53e-06,GGGGGGCAGAGGGCA,15
64224,35729772-35739772,chr7,1,35737023-35737037,-,2.53e-06,GTAGGGCAAAGATGA,15
10980,99681582-99691582,chr7,1,99686373-99686387,+,7.12e-06,ATTTGTCAAAGGTCA,15
84725,30062976-30072976,chr7,1,30072631-30072645,-,8.93e-06,ATAGGGCAAGAGTCA,15
6916,139473046-139483046,chr7,2,139474548-139474562;139482933-139482947,-;+,6.09e-06;5.23e-06,CTAGTGCAAAGGCCA;TAAGGGCAAAGGGGA,15;15
135946,143696089-143706089,chr7,1,143703310-143703324,+,2.53e-06,GGAGAGCAGAGGTCA,15
8976,123384116-123394116,chr7,1,123391149-123391163,-,6.62e-06,TTAGAACAAAGGTAA,15
2852,1121442-1132722,chr7,1,1126848-1126862,+,9.57e-06,GTGGGGAAGAGGCCA,15
816,44360230-44370230,chr7,1,44362379-44362393,+,6.62e-06,GGAGGGGAAAGGCCA,15
11062,107199401-107209401,chr7,1,107200593-107200607,-,1.8e-06,CTGTGTGAAAGGTCA,15
729920,16455947-16465947,chr7,1,16461868-16461882,+,2.72e-06,GTAGGCCAAAGTTGA,15
858,116134654-116145097,chr7,2,116135908-116135922;116140996-116141010,+;-,7.74e-06;7.74e-06,GAAGGAGAAAGGTGA;CAGGGGCAAAGTTGA,15;15
9069,90027647-90037647,chr7,1,90033449-90033463,+,4.87e-06,GTTAGGGAAAGGTCA,15
9031,72931615-72941615,chr7,1,72936785-72936799,+,3.23e-06,AGAGGTGAAAGGTCA,15
5054,100765369-100775369,chr7,1,100771537-100771551,-,4.45e-06,CTAGGGCAAGGTGCA,15
83451,73148184-73158184,chr7,1,73155414-73155428,-,5.67e-06,GTGGGGGAGGGGTCA,15
1021,92458231-92470941,chr7,1,92461197-92461211,+,8.28e-06,GTATTTCAAAGGTCA,15
3092,75363283-75373283,chr7,1,75372799-75372813,+,9.57e-06,CAAGGGCAAGGGTGA,15
7205,100459949-100469949,chr7,1,100465274-100465288,-,7.86e-07,GTAGGACAGAGGTGA,15
5166,95220925-95230925,chr7,1,95228810-95228824,+,3.23e-06,TTGGGACAGAGGTGA,15
54329,112721393-112732833,chr7,1,112726786-112726800,-,7.74e-06,GGAGGGAAAAGTTCA,15
90639,1010235-1020235,chr7,1,1016689-1016703,+,4.13e-06,CCAAAGCAAAGGTCA,15
1124,29229120-29239120,chr7,1,29235997-29236011,+,4.13e-06,ATGGGGCAGAAGTCA,15
3200,27154214-27171639,chr7,1,27157708-27157722,-,4.13e-06,GAGAGACAAAGGTCA,15
5260,56155689-56165689,chr7,1,56159271-56159285,+,8.93e-06,ACAGGGAAAAGGGCA,15
78996,134849226-134860578,chr7,1,134855704-134855718,+,8.93e-06,GAGGGTGAAAGTTCA,15
1174,100792685-100802685,chr7,1,100800442-100800456,+,2.53e-06,GGAGGTCAGAGGGCA,15
54429,141485016-141495016,chr7,1,141487930-141487944,-,2.81e-07,GCGGGACAAAGGTCA,15
402682,100482339-100492339,chr7,1,100487484-100487498,-,8.93e-06,GCAAGGCAAAGGCCA,15
29960,2276833-2286833,chr7,1,2284176-2284190,-,9.57e-06,GAAGGTGAGAGGGCA,15
51422,151569316-151579316,chr7,1,151573454-151573468,-,9.57e-06,CTTGGGGAAAGGGTA,15
79161,86844031-86854031,chr7,1,86848519-86848533,-,7.74e-06,GTGGAGAAAAGTTCA,15
5446,95020687-95030687,chr7,1,95025882-95025896,+,1.04e-06,TTTGGGCAGAGGTCA,15
9569,73863119-73873119,chr7,1,73870337-73870351,+,8.28e-06,TTGGGAGAAGGGTCA,15
7551,99674371-99684371,chr7,1,99676878-99676892,+,2.53e-06,GCAGGTCAAAGGTCT,15
95681,130076051-130086051,chr7,1,130081748-130081762,-,9.57e-06,TTAGAGCAAAGGACA,15
64764,137681847-137691847,chr7,1,137685149-137685163,-,3.79e-06,CTGGGGCAAAAGCCA,15
9723,83265747-83283479,chr7,1,83278338-83278352,-,5.23e-06,CAAGGTGAAAGGTGA,15
5649,103624963-103634963,chr7,1,103634915-103634929,+,8.93e-06,GTGGGGGAAAGAGCA,15
56913,7217245-7227245,chr7,1,7222371-7222385,+,8.28e-06,GAGAAGCAAAGGTCA,15
24146,100876227-100887101,chr7,1,100881936-100881950,-,8.93e-06,CTGAGTCAAAGATCA,15
64101,127666002-127676002,chr7,1,127671090-127671104,+,8.93e-06,GGAGGGCAGAGGGGA,15
26266,135407933-135417933,chr7,1,135416180-135416194,+,3.52e-06,ATAGAGCAAAAGTCA,15
3757,150670402-150680402,chr7,1,150676727-150676741,+,4.87e-06,GAAGAACAAAGGGCA,15
81628,100071902-100081902,chr7,2,100076126-100076140;100080789-100080803,+;+,6.62e-06;3e-06,CCAGGGCAGAGGGGA;GGGAGTCAAAGGTCA,15;15
222950,100076549-100086549,chr7,1,100080789-100080803,+,3e-06,GGGAGTCAAAGGTCA,15
222865,98462673-98472673,chr7,1,98462668-98462682,+,8.93e-06,TTAGAGCAGGGGTCA,10
85865,89970978-89980978,chr7,1,89975803-89975817,-,3.52e-06,GTGGGACAAAGGACA,15
3955,2547162-2564478,chr7,1,2562052-2562066,-,1.27e-06,CTGGGCCAAAGGCCA,15
10135,105920638-105930638,chr7,1,105926829-105926843,+,8.28e-06,ACAGGGCAAAGATCA,15
10165,95946459-95956459,chr7,1,95950464-95950478,+,8.93e-06,AAAGAGGAAAGGTCA,15
2053,27343518-27353684,chr8,1,27346015-27346029,+,8.28e-06,AAAGGGCAAAGTGCA,15
10247,99124418-99134418,chr8,1,99129733-99129747,-,9.57e-06,CAAGGAAAGAGGTCA,15
51366,103419917-103429917,chr8,1,103424921-103424935,-,7.12e-06,CTGGGGCAGAAGTGA,15
137392,94707772-94717772,chr8,1,94713437-94713451,-,7.86e-07,CTAGGGAAAAGGTGA,15
6386,59460727-59470727,chr8,1,59465859-59465873,+,4.87e-06,CTAGGTGAGAGGCCA,15
10499,71311020-71321020,chr8,1,71316487-71316501,+,3.23e-07,GGAGGGCAAAGGGCA,15
284,108505254-108515254,chr8,1,108511436-108511450,+,3e-06,TTAGAGGAGAGGTCA,15
80243,68859602-68869602,chr8,2,68862957-68862971;68863003-68863017,-;-,4.87e-06;1.95e-06,GAAGAACAAAGGGCA;CAAGAGCAAAGGGCA,15;15
8581,143863008-143873008,chr8,1,143870785-143870799,-,4.87e-06,GTGGGGGAAGGGGCA,15
63898,19166080-19176486,chr8,1,19170618-19170632,-,7.74e-06,CTGGGGGAAAAGTTA,15
51633,92077423-92087423,chr8,1,92081445-92081459,-,8.28e-06,AAGGGGCAAAAGTCA,15
444,62622199-62632199,chr8,1,62626169-62626183,+,8.28e-06,CGAGGAGAAAGGTGA,15
55756,28742432-28752698,chr8,2,28747355-28747369;28747362-28747376,-;-,2.72e-06;2.07e-07,AGAGGGCAAAGGTGA;CTAGGTCAGAGGGCA,15;15
4603,67520480-67530480,chr8,1,67525424-67525438,-,7.74e-06,GCGGGGGAGAGGGCA,15
55806,21983565-21993565,chr8,1,21992775-21992789,+,9.57e-06,GGGGAGAAAAGGTCA,15
389692,144507602-144517602,chr8,1,144513097-144513111,+,4.13e-06,CTAGAGGAGAGGGCA,15
55909,22521661-22531661,chr8,1,22530825-22530839,-,6.62e-06,GCAGGTCAGAGGCCA,15
2669,95269547-95279547,chr8,1,95273417-95273431,-,4.45e-06,GTGGGTAAGAGGGCA,15
6781,23707320-23717320,chr8,1,23711093-23711107,+,3.79e-06,GGAGGACAGAGGGCA,15
10940,99124520-99135067,chr8,1,99129733-99129747,-,9.57e-06,CAAGGAAAGAGGTCA,15
6873,120840074-120850074,chr8,1,120845074-120845088,-,4.45e-06,GGAGGTCAGAGGTTA,15
760,86371130-86381130,chr8,1,86376535-86376549,-,6.62e-06,CTGGGGCAAGGGGGA,15
9046,21766205-21776205,chr8,1,21766541-21766555,-,7.12e-06,TTAGGGCAGAGGACA,15
2907,145059225-145069225,chr8,1,145065239-145065253,+,8.85e-08,CCGGGGCAAAGGTCA,15
4956,103558847-103568847,chr8,1,103567489-103567503,-,3.79e-06,CTAAGACAGAGGGCA,15
84875,145055635-145065635,chr8,1,145065239-145065253,+,8.85e-08,CCGGGGCAAAGGTCA,15
7071,103661168-103672983,chr8,1,103666412-103666426,-,3.23e-07,GTAGGGGAAAGGTGA,15
23462,80675098-80685098,chr8,1,80676204-80676218,+,9.57e-06,GAGGGGGAAAGGCCA,15
5157,17428941-17438941,chr8,1,17431112-17431126,-,7.26e-07,ACAGGACAAAGGTCA,15
7373,121132346-121142346,chr8,1,121132586-121132600,-,8.93e-06,CTGGGACAAAAGCCA,15
79139,124049663-124059663,chr8,1,124053851-124053865,+,2.53e-06,GGAGGTCAGAGGGCA,15
5440,101157838-101167838,chr8,1,101162318-101162332,-,8.28e-06,TTAAAGCAAAGGTTA,15
5533,22293482-22303482,chr8,1,22299397-22299411,-,9.57e-06,GCGGGTCAAAAGGCA,15
286151,101153099-101163099,chr8,1,101162318-101162332,-,8.28e-06,TTAAAGCAAAGGTTA,15
54742,143776528-143786528,chr8,1,143786081-143786095,-,6.09e-06,CAAGGGCAAAGGTCG,15
9694,109450852-109460852,chr8,1,109459925-109459939,-,3.79e-06,AAAGGTCAAAGGTTA,15
157285,8234257-8244257,chr8,1,8236715-8236729,+,2.53e-06,CTATGCCAGAGGTCA,15
1666,91008579-91018579,chr8,1,91010780-91010794,+,3.23e-06,ATATGGCAAAGGTGA,15
28957,80937506-80947506,chr8,1,80942498-80942512,-,1.37e-07,GGAGGTCAAAGGTCA,15
84948,144675073-144685073,chr8,1,144679963-144679977,+,7.12e-06,GCGGGACAAAGGGGA,15
79618,28742910-28753224,chr8,2,28747355-28747369;28747362-28747376,-;-,2.72e-06;2.07e-07,AGAGGGCAAAGGTGA;CTAGGTCAGAGGGCA,15;15
157506,74201836-74211836,chr8,1,74209338-74209352,-,9.43e-07,GTAGGACAAAGATCA,15
55174,19669917-19679917,chr8,1,19671006-19671020,+,5.23e-06,GCAGGACAGAGGTGA,15
1936,144674558-144684845,chr8,1,144679963-144679977,+,7.12e-06,GCGGGACAAAGGGGA,15
79776,77588514-77598514,chr8,1,77590618-77590632,+,1.95e-06,TTAGGGAAAAGGTGA,15
79792,144630556-144645476,chr8,1,144635829-144635843,-,3.97e-07,GGAGGGCAGAGGTCA,15
157638,127565711-127575711,chr8,1,127570402-127570416,+,8.93e-06,GCTGGGCAGAGGGCA,15
10221,126437562-126447562,chr8,1,126438330-126438344,+,2.72e-06,GTAGGACAGAGGGGA,15
6129,74200869-74210869,chr8,1,74209338-74209352,-,9.43e-07,GTAGGACAAAGATCA,15
25,133584267-133594267,chr9,1,133590321-133590335,-,9.57e-06,CGAAGGAAAAGGTCA,15
30815,130656871-130666871,chr9,1,130659637-130659651,-,1.27e-06,CTAGGTCAAAGGGCT,15
26740,125268080-125278080,chr9,1,125275700-125275714,-,5.22e-07,CTAGGTGAAAGGTTA,15
57462,34371894-34381894,chr9,1,34375329-34375343,-,5.67e-06,TGGGGGCAGAGGGCA,15
2176,98074536-98084991,chr9,2,98074546-98074560;98079407-98079421,+;-,6.62e-06;6.09e-06,TCAGAGCAAAGGTGA;GAGGAGCAAAGGTGA,15;15
29952,140004195-140014195,chr9,1,140011449-140011463,-,1.8e-06,GCAGAGCAGAGGTCA,15
687,73024573-73034573,chr9,1,73034486-73034500,+,6.62e-06,GTTGGGGAGAGGGCA,15
6418,131440933-131457253,chr9,1,131446998-131447012,-,8.93e-06,GGAGAGGAAAGGGCA,15
84263,115137188-115147188,chr9,1,115142795-115142809,+,5.67e-06,CTAGGTGAAAGGTCG,15
84270,95853449-95863449,chr9,1,95855478-95855492,-,8.28e-06,CAAGGAGAAAGTTCA,15
22949,114356711-114367135,chr9,1,114361201-114361215,-,9.57e-06,GTTGGCCAAAGGGTA,15
152007,36131741-36141741,chr9,1,36132187-36132201,-,2.14e-06,GTGGGTGAAAGGCCA,15
27158,140095118-140105118,chr9,1,140097190-140097204,+,5.67e-06,TGAGAGCAGAGGTCA,15
2592,34641585-34651585,chr9,2,34644925-34644939;34646287-34646301,+;+,1.51e-06;4.13e-06,CTAGGGCAGAGATCA;GCAGGGCAGAGGCCA,15;15
445,133315093-133325093,chr9,1,133323414-133323428,-,3e-06,ACAGGACAGAGGTCA,15
2683,33162356-33172356,chr9,1,33165776-33165790,+,8.93e-06,GTAGGTTACAGGTCA,15
84628,135032333-135042333,chr9,1,135040529-135040543,-,2.07e-07,ATAGGGCAAAGGTTA,15
27290,33235195-33245195,chr9,1,33244359-33244373,-,1.51e-06,CTGGGGCATAGGTCA,15
6812,130369485-130379485,chr9,1,130377396-130377410,-,5.23e-06,TTAGAGAAAAGGGCA,15
347252,38419444-38429444,chr9,1,38421779-38421793,+,5.23e-06,CAAGGGCAGAGGCCA,15
23670,74378800-74388800,chr9,1,74384341-74384355,+,7.12e-06,CTGGGACACAGGGCA,15
84681,35810042-35820042,chr9,2,35814386-35814400;35814778-35814792,-;+,4.13e-06;8.28e-06,GGGGAGCAGAGGTCA;GAGGGGCAGAGGCCA,15;15
27090,130674305-130684305,chr9,1,130677758-130677772,+,2.07e-07,TTGGAGCAAAGGTCA,15
768,35668914-35678914,chr9,1,35673778-35673792,+,4.45e-06,ATGGGGGAGAGGGCA,15
23307,115978641-115988641,chr9,1,115983686-115983700,+,4.45e-06,GTGGGGCAAAGGCAA,15
11046,99140992-99150992,chr9,1,99148658-99148672,+,7.12e-06,GTTGATCAAAGTTCA,15
646962,35901188-35911188,chr9,1,35908365-35908379,-,9.57e-06,CTGGAATAAAGGGCA,15
2889,134607925-134617925,chr9,1,134610991-134611005,+,7.74e-06,ATGGGGCAAAGGTTT,15
23452,129880044-129890044,chr9,1,129885260-129885274,-,6.62e-06,CTGAGTCAAAGGGGA,15
138151,138982131-138992131,chr9,1,138986236-138986250,-,7.26e-07,GGAGGTCAGAGGTCA,15
7088,84298596-84308596,chr9,1,84301398-84301412,+,3.23e-06,GTAGACAAAAGGTCA,15
56254,104291132-104301132,chr9,1,104295876-104295890,+,9.57e-06,CAGTAGCAAAGGTCA,15
138065,116056320-116066320,chr9,1,116065862-116065876,+,5.22e-07,CTAGGTCAGAGTTCA,15
85026,140508308-140518308,chr9,1,140513974-140513988,-,7.12e-06,CAAAGTGAAAGGTCA,15
7270,135277238-135287238,chr9,1,135280096-135280110,-,5.67e-06,GTGGATGAAAGGTGA,15
9328,135901061-135911061,chr9,1,135905856-135905870,-,8.93e-06,GTGGGGAAAAGGTCC,15
7295,113013920-113023920,chr9,1,113015003-113015017,-,9.57e-06,CGGAGGCAAAGGTTA,15
441476,140140712-140150712,chr9,1,140148709-140148723,-,4.45e-06,GGAGGACAAGGGTCA,15
9355,126768888-126778888,chr9,1,126774323-126774337,-,7.12e-06,CTAGGACAGAGGTCG,15
25792,130961662-130971662,chr9,1,130966366-130966380,+,5.67e-06,CCGTGGCAGAGGTCA,15
29979,86318168-86328168,chr9,2,86320507-86320521;86322873-86322887,-;-,4.87e-06;4.87e-06,GTAGGTCATAGGGCA;GTGGGGGAAGGGGCA,15;15
1317,115978807-115988807,chr9,1,115983686-115983700,+,4.45e-06,GTGGGGCAAAGGCAA,15
3440,21380396-21390396,chr9,1,21385307-21385321,+,5.87e-07,GTAAAGCAAAGGTCA,15
9649,129672052-129682052,chr9,1,129681659-129681673,+,4.13e-06,GTAGATTAAAGGGCA,15
30968,35098154-35108154,chr9,1,35102940-35102954,-,3e-06,TGGGGTCAGAGGTCA,15
3590,34647181-34657181,chr9,1,34652765-34652779,-,3.23e-06,TTAAGAGAAAGGTCA,15
54796,16865786-16875786,chr9,1,16869050-16869064,+,7.12e-06,CTAGGGTAAAGGGAA,15
286262,140090163-140100163,chr9,1,140097190-140097204,+,5.67e-06,TGAGAGCAGAGGTCA,15
2315,5885908-5895908,chr9,1,5894118-5894132,+,1.64e-08,CTAGGGCAGAGGTCA,15
26206,35807259-35817259,chr9,2,35814386-35814400;35814778-35814792,-;+,4.13e-06;8.28e-06,GGGGAGCAGAGGTCA;GAGGGGCAGAGGCCA,15;15
9830,100876480-100886488,chr9,1,100881067-100881081,-,8.28e-06,GAAGGGCAAAGGCGA,15
27240,35645947-35655947,chr9,2,35649374-35649388;35650712-35650726,+;-,8.28e-06;5.67e-06,TTAGGTCAAAAGCCA;GTGGGGGAGGGGTCA,15;15
50808,4736309-4747043,chr9,1,4740447-4740461,+,2.81e-07,ATGGGGGAAAGGTCA,15
1759,130960662-130970662,chr9,1,130966366-130966380,+,5.67e-06,CCGTGGCAGAGGTCA,15
169714,139132687-139142687,chr9,1,139137672-139137686,-,8.93e-06,CAGGGTGAAAGTTCA,15
89853,129084122-129094122,chr9,1,129090118-129090132,+,5.23e-06,GGAGGGCAAAAGGCA,15
81689,88892490-88902490,chr9,1,88896625-88896639,-,1.04e-07,CTGGGTGAAAGGTCA,15
25920,140144758-140154758,chr9,1,140148709-140148723,-,4.45e-06,GGAGGACAAGGGTCA,15
403341,129617943-129627943,chr9,1,129624587-129624601,+,9.43e-07,CTAGGTCAAAGTTGA,15
94107,140095090-140105090,chr9,1,140097190-140097204,+,5.67e-06,TGAGAGCAGAGGTCA,15
1955,123471765-123481765,chr9,1,123480795-123480809,-,2.14e-06,CTAGGAGAAAAGTCA,15
79813,140508443-140518443,chr9,1,140513974-140513988,-,7.12e-06,CAAAGTGAAAGGTCA,15
51207,76854248-76873970,chr10,1,76864247-76864261,+,1.8e-06,TGAGGTCAGAGGTCA,15
4153,54526460-54536460,chr10,1,54534495-54534509,+,8.28e-06,CTAGTCCAGAGGTCA,15
79933,75405787-75420832,chr10,1,75408796-75408810,+,8.28e-06,GAGGGTGAAAGGTGA,15
57412,104624209-104634209,chr10,1,104629448-104629462,-,5.23e-06,GGAGGACAAAGGTCT,15
79949,115506212-115516212,chr10,1,115514660-115514674,-,9.43e-07,ACAGGGCAAAGGGCA,15
83641,14811896-14821896,chr10,1,14817854-14817868,-,8.93e-06,CTGGGCCAAAGAGCA,15
30819,103594611-103608677,chr10,1,103608352-103608366,+,6.62e-06,GCAGAGGAAAGGGCA,15
79991,105673045-105683045,chr10,1,105675278-105675292,+,5.37e-08,CAAGGGCAAAGGTCA,15
120,111760725-111772710,chr10,1,111768572-111768586,-,3.52e-06,ATAGGAGAAAGGTGA,15
2263,123348481-123362972,chr10,1,123361079-123361093,+,8.93e-06,TTGAGGCAAAGGGGA,15
244,47741919-47751919,chr10,1,47749485-47749499,+,4.45e-06,CTGGGGCAGAGGGAA,15
310,75168841-75178841,chr10,1,75172216-75172230,-,5.23e-06,CTTGGGCAAAGTTGA,15
10579,123743688-123753688,chr10,1,123750011-123750025,+,1.62e-06,GCAGGGCAAAGGGTA,15
170384,75527048-75537048,chr10,1,75534613-75534627,+,5.67e-06,TTGGGGGAGAGGTGA,15
170393,134253713-134263713,chr10,1,134260583-134260597,+,7.74e-06,GCAGGTCAGGGGTCA,15
22978,104948063-104958063,chr10,1,104953890-104953904,-,3e-06,CTTGGGCAGAGGTGA,15
399823,129530537-129540537,chr10,1,129538602-129538616,-,8.28e-06,GTGGGGCAGGGTTCA,15
60495,100990632-101000632,chr10,1,100994415-100994429,+,1.51e-06,CTAGAGCAAAGGGGA,15
84445,102751863-102761863,chr10,1,102758943-102758957,+,4.45e-06,GCGGGGAAAAGGGCA,15
6623,88713287-88723287,chr10,2,88713519-88713533;88713791-88713805,-;-,8.28e-06;4.13e-06,GTAGGTCAGAGGTTT;CCAAAGCAAAGGTCA,15;15
10724,103573222-103583222,chr10,1,103577034-103577048,+,6.62e-06,CTGGGAAAGAGGGCA,15
80351,93553150-93563150,chr10,1,93557272-93557286,+,1.13e-06,GAATGGCAAAGGTCA,15
8829,33618833-33628833,chr10,1,33624586-33624600,+,4.45e-06,CTGGGGCAGAGGGAA,15
84647,74709510-74719510,chr10,1,74714637-74714651,+,2.53e-06,AGAGGGCAAAGGTTA,15
196740,50318559-50328559,chr10,1,50326700-50326714,+,3.52e-06,CTGGGGCAGAGTTTA,15
810,5561923-5571923,chr10,1,5570524-5570538,+,1.51e-06,CTGTGGCAAAGGTGA,15
6975,114038492-114048492,chr10,1,114040588-114040602,-,4.87e-06,GCAGGGCAGGGGTCA,15
11101,123682546-123692546,chr10,1,123687791-123687805,-,2.14e-06,GCGGGGGAAAGGGCA,15
11155,88423205-88433425,chr10,1,88430092-88430106,-,3.52e-06,CTGTGGGAAAGGGCA,15
84893,5926534-5941348,chr10,1,5932703-5932717,-,2.3e-06,CAGGGGCAGAGGGCA,15
84896,89572917-89582917,chr10,1,89577822-89577836,-,3.52e-06,CCGGAGGAAAGGTCA,15
23522,76581170-76591170,chr10,2,76581853-76581867;76582585-76582599,-;+,8.28e-06;4.13e-06,CAAGGGCAGAGGGGA;GTGGGGGACAGGTCA,15;15
23555,71206225-71216225,chr10,2,71209770-71209784;71210895-71210909,-;-,3.52e-06;8.28e-06,CCATGGCAGAGGTCA;TTTGGGAAAAGGGCA,15;15
29760,98026273-98036333,chr10,2,98033269-98033283;98036120-98036134,+;+,8.93e-06;8.28e-06,CAGAGGCAAAGGTTA;TGGGGGCAAAGGGTA,15;15
3185,43898299-43909696,chr10,1,43904474-43904488,-,4.87e-06,CCAGGGCAAAGGGCT,15
9397,15205695-15215695,chr10,1,15209728-15209742,+,9.57e-06,CGGGGGCAAAGGGAA,15
54522,5926860-5936860,chr10,1,5932703-5932717,-,2.3e-06,CAGGGGCAGAGGGCA,15
54541,74028676-74038676,chr10,1,74038137-74038151,-,2.3e-06,CTAGAGAAAAGGGCA,15
91452,27524808-27536068,chr10,1,27529485-27529499,-,1.8e-06,GCAGGGCAAAGGGGA,15
79176,104174570-104184570,chr10,1,104178349-104178363,+,6.38e-07,GAGGGGCAGAGGTCA,15
140766,72427558-72437558,chr10,1,72431762-72431776,+,1.37e-06,CTAGGACACAGGTCA,15
3601,6014574-6025150,chr10,1,6017936-6017950,+,1.37e-06,TAAGGTCAAAGGGCA,15
5660,73606082-73616082,chr10,1,73611229-73611243,+,4.87e-06,GGAAGGGAAAGGTCA,15
5662,104173901-104184691,chr10,1,104178349-104178363,+,6.38e-07,GAGGGGCAGAGGTCA,15
1586,104592290-104602290,chr10,2,104598166-104598180;104598216-104598230,+;+,3.23e-06;8.28e-06,AAAGGACAAAGGGCA;ACAAGGCAAAGGGCA,15;15
54838,104498726-104508726,chr10,1,104503599-104503613,+,4.87e-06,AAAGGGCAAAGGCCA,15
159296,101287689-101297689,chr10,1,101296595-101296609,-,1.95e-06,GTGGGGCAGAGTGCA,15
1979,72158860-72168860,chr10,1,72165162-72165176,+,5.67e-06,CTGGGGTAGAGGTGA,15
3688,33241822-33252293,chr10,2,33243175-33243189;33247821-33247835,-;+,8.93e-06;8.28e-06,CTGGAGCAGAGGGGA;CTAAGAGAAAGGTGA,15;15
56681,71925285-71935285,chr10,1,71929451-71929465,+,6.62e-06,AAATGTCAAAGGTCA,15
27250,112626552-112636552,chr10,1,112631401-112631415,-,3.79e-06,GTTGGGAAAAGGGCA,15
118461,50502186-50512186,chr10,1,50505983-50505997,+,8.28e-06,TCAGGGCAAAAGGCA,15
5832,97411567-97421567,chr10,1,97415347-97415361,-,5.23e-06,ACAGGGGAGAGGTCA,15
79591,103810932-103820932,chr10,1,103815515-103815529,+,2.6e-07,CGGGGTCAAAGGTCA,15
1892,135181908-135191908,chr10,1,135183706-135183720,+,8.93e-06,CTAGAACAGAAGTCA,15
8038,128072127-128082127,chr10,1,128080068-128080082,-,5.23e-06,GTATTGCAAAGGTCA,15
3983,116439414-116449414,chr10,1,116447781-116447795,+,6.38e-07,TTGGGGCAAAAGTCA,15
79812,88712425-88722425,chr10,2,88713519-88713533;88713791-88713805,-;-,8.28e-06;4.13e-06,GTAGGTCAGAGGTTT;CCAAAGCAAAGGTCA,15;15
10263,67270658-67281199,chr11,1,67272986-67273000,+,6.62e-06,GTGGGAAAAAGGCCA,15
84000,117795168-117805168,chr11,1,117800358-117800372,+,7.12e-06,CTGAGAGAAAGGGCA,15
38,107987257-107997257,chr11,1,107992855-107992869,+,6.09e-06,CAAGGGGAGAGGGCA,15
53,47265457-47275457,chr11,1,47270172-47270186,-,4.87e-06,AAAGGGCAAAGGCCA,15
221092,62489857-62499857,chr11,2,62493011-62493025;62493243-62493257,+;+,4.13e-06;4.45e-06,ATAAGTCAAAGGTTA;AAAGGAGAAAGGTCA,15;15
23052,94817973-94827973,chr11,2,94826246-94826260;94826318-94826332,+;+,5.67e-06;5.23e-06,CTAAGTCAAAGATCA;ACAGGACAAAGTTCA,15;15
54843,85517178-85527178,chr11,2,85521317-85521331;85522347-85522361,+;-,3.79e-06;6.09e-06,CAAGGTCAAAGGGGA;GAAGGGGAGAGGGCA,15;15
10335,10710121-10720535,chr11,1,10717478-10717492,-,9.57e-06,TCGGGTCAAAGGGTA,15
51317,46137985-46147985,chr11,1,46142104-46142118,+,8.93e-06,GGAGGGCAGAGGGGA,15
112936,134089560-134099560,chr11,1,134094177-134094191,-,7.26e-07,CGAGGGCAAAGGTGA,15
57562,101780745-101790745,chr11,1,101785233-101785247,+,2.72e-06,GTAGGGCAAAGGCAA,15
65003,66201310-66211310,chr11,1,66206294-66206308,+,8.75e-07,TTGGGCCAGAGGTCA,15
221,67771047-67782789,chr11,2,67778810-67778824;67782372-67782386,+;+,8.93e-06;4.13e-06,GTAAGGCAGAGGGGA;GCAGGGCAGAGGCCA,15;15
64231,59945804-59957139,chr11,1,59953055-59953069,-,3e-06,TTAGGTCAGGGGTCA,15
116969,3658485-3668546,chr11,1,3664024-3664038,-,1.27e-06,GTGGGGGAAAGGCCA,15
9600,67267843-67277843,chr11,1,67272986-67273000,+,6.62e-06,GTGGGAAAAAGGCCA,15
2313,128551429-128568810,chr11,1,128565630-128565644,+,7.74e-06,GTAGGTGAGAGGGGA,15
272,10466867-10487677,chr11,1,10475011-10475025,-,6.09e-06,GTTGGACAAAGGGGA,15
2101,64068043-64078043,chr11,1,64073621-64073635,+,9.36e-09,CTGGGTCAAAGGTCA,15
335,116703338-116713338,chr11,1,116708525-116708539,+,4.87e-06,GCAGGGCAGGGGTCA,15
345,116695623-116705623,chr11,1,116700542-116700556,-,7.26e-07,GCTGGGCAAAGGTCA,15
391,3857213-3867213,chr11,1,3858625-3858639,+,1.8e-06,CTTGGGGAAAGGGCA,15
219539,57412417-57422417,chr11,1,57416649-57416663,+,3.23e-06,GTAGGAGAAAGGGGA,15
417,3661360-3671360,chr11,1,3664024-3664038,-,1.27e-06,GTGGGGGAAAGGCCA,15
10658,47569792-47579792,chr11,1,47572815-47572829,+,1.27e-06,CTGGGCCAAAGGCCA,15
2495,61730132-61740132,chr11,1,61730399-61730413,-,3e-06,GTGGGGCACAGGGCA,15
117196,18189383-18199383,chr11,1,18190056-18190070,+,8.93e-06,ATGGGACAGAGGCCA,15
65998,63531113-63541113,chr11,1,63532829-63532843,-,5.87e-07,GAAGGGCAAAGGTTA,15
338440,437011-447011,chr11,1,446124-446138,-,1.37e-06,CCAGGGCAAAGGTAA,15
253935,101782253-101792253,chr11,1,101785233-101785247,+,2.72e-06,GTAGGGCAAAGGCAA,15
117854,5612330-5622864,chr11,1,5613112-5613126,-,8.93e-06,CGGGGCTAAAGGTCA,15
144100,17030963-17040963,chr11,1,17036215-17036229,-,4.13e-06,CGGGGGCAAAGGGGA,15
283234,64102689-64112689,chr11,1,64109449-64109463,-,1.27e-06,GTAGGTCAGGGGTCA,15
283237,62490951-62500951,chr11,2,62493011-62493025;62493243-62493257,+;+,4.13e-06;4.45e-06,ATAAGTCAAAGGTTA;AAAGGAGAAAGGTCA,15;15
10873,86378240-86388678,chr11,1,86382786-86382800,-,4.45e-06,ATGGGCCAGAGGGCA,15
23187,118472212-118483305,chr11,3,118473307-118473321;118475942-118475956;118476245-118476259,-;-;-,7.12e-06;3.52e-06;9.57e-06,TTAGGGGAAAGGGAA;TTGGGGAAAAGTTCA;CAGGGGGAGAGGGCA,15;15;15
6809,59517531-59527531,chr11,1,59523509-59523523,-,4.87e-06,CTGGGGGAAGGGGCA,15
8882,116653739-116663739,chr11,1,116663366-116663380,-,1.95e-06,GAAGGTTAAAGGTCA,15
57804,67116067-67126067,chr11,1,67122156-67122170,-,1.62e-06,AAGGGACAAAGGTCA,15
6876,117065039-117075039,chr11,1,117068471-117068485,-,7.74e-06,TCAGGTCAGAGGTGA,15
745,61515120-61527860,chr11,2,61524336-61524350;61524460-61524474,-;-,9.57e-06;9.57e-06,CCAGGGAAAAGGCCA;GGAGGGCAAAGTCCA,15;15
85458,111802926-111812926,chr11,1,111806157-111806171,-,2.53e-06,CTATGCCAGAGGTCA,15
23279,47865057-47875057,chr11,1,47865797-47865811,-,1.95e-06,GTGGGGGAAAGGGTA,15
10992,65814815-65824815,chr11,1,65816742-65816756,+,4.87e-06,GTAGGGGAGAGGGGA,15
23310,134089426-134099426,chr11,1,134094177-134094191,-,7.26e-07,CGAGGGCAAAGGTGA,15
8986,64121624-64131624,chr11,1,64122875-64122889,+,6.62e-06,GAGGGACAAGGGTCA,15
11098,86506490-86516490,chr11,1,86507261-86507275,+,9.57e-06,ACTGGGCAGAGGTCA,15
220001,61057788-61067788,chr11,1,61062800-61062814,+,5.67e-06,CGGGGGCAAAGATCA,15
283111,5216930-5226930,chr11,1,5224747-5224761,-,4.87e-06,GGTGGCCAAAGGTCA,15
5024,57100840-57110840,chr11,1,57109993-57110007,-,3e-06,TTGGGGGAGAGGGCA,15
2977,106884171-106894171,chr11,1,106890260-106890274,-,5.67e-06,CTAAGGCAAGGGGCA,15
445372,5612864-5622864,chr11,1,5613112-5613126,-,8.93e-06,CGGGGCTAAAGGTCA,15
80829,58341586-58351586,chr11,1,58346317-58346331,+,4.87e-06,GGGGGAAAAAGGTCA,15
5058,77180108-77190108,chr11,1,77185212-77185226,-,1.62e-06,GAAGGGGAAAGGGCA,15
7108,64874340-64884340,chr11,1,64879563-64879577,+,1.62e-06,CTGGGGCAAAGGCTA,15
5080,31827690-31844509,chr11,1,31834696-31834710,+,8.75e-07,CTGGGTCAGAGGTGA,15
1075,88065941-88075941,chr11,1,88071076-88071090,+,6.09e-06,CTAGGGAAGAGGCCA,15
113746,191760-201760,chr11,1,201709-201723,+,5.87e-07,GTGGGGCAAAGATCA,15
1119,67883858-67893858,chr11,1,67890630-67890644,-,3.23e-06,GTGGGACAAAGGGCT,15
1128,62684012-62694012,chr11,1,62687575-62687589,+,5.67e-06,TGAGGTCAGAGGGCA,15
58487,85371182-85381182,chr11,1,85375814-85375828,+,4.13e-06,TCAGGTCAGAGGGCA,15
25758,33558876-33568876,chr11,1,33565506-33565520,-,6.62e-06,GTGGGCCAGAGGTCT,15
79026,62309332-62319332,chr11,2,62313199-62313213;62313801-62313815,-;+,3.79e-06;2.72e-06,GAGGGGCAAAGGGGA;GTGGGACAGAGGCCA,15;15
7423,63997055-64007055,chr11,1,64001876-64001890,-,7.74e-06,GCAGGGGAAAGGGGA,15
9479,45902046-45912046,chr11,1,45903304-45903318,+,8.93e-06,AAGGGGCAAGGGTCA,15
3338,63992752-64002752,chr11,1,64001876-64001890,-,7.74e-06,GCAGGGGAAAGGGGA,15
7465,9590227-9601233,chr11,1,9596540-9596554,+,6.09e-06,ATGGGGGAAAGGTCT,15
25906,71818822-71828822,chr11,1,71824529-71824543,-,7.12e-06,CTGAGTCAGAGGTTA,15
30008,65635405-65645405,chr11,1,65637944-65637958,+,2.53e-06,CTAGGGCAAGGGCCA,15
1374,68604399-68614399,chr11,1,68606866-68606880,+,2.18e-08,GTAGGGGAAAGGTCA,15
2620,22683159-22701318,chr11,1,22688556-22688570,+,2.14e-06,GGAGGGGAGAGGTCA,15
5499,67164376-67174376,chr11,2,67168387-67168401;67172415-67172429,-;+,8.93e-06;1.51e-06,CTGGGTCACAGGTGA;CTGGGTCACAGGTCA,15;15
54733,107724914-107734914,chr11,1,107729735-107729749,+,4.45e-06,GGAGGAGAAAGGGCA,15
54734,107794276-107804276,chr11,1,107799664-107799678,-,3.79e-06,GAGGGGCAAAGGGGA,15
54538,124762831-124772831,chr11,1,124769388-124769402,+,8.28e-06,TGAGGACAGAGGGCA,15
1509,1780222-1790222,chr11,1,1781958-1781972,+,2.72e-06,GCAGGACAGAGGGCA,15
81490,445279-455279,chr11,1,446124-446138,-,1.37e-06,CCAGGGCAAAGGTAA,15
26579,69056621-69066621,chr11,1,69061736-69061750,-,3e-06,GTGGGGAAAAAGTCA,15
390199,59277385-59287385,chr11,1,59278626-59278640,+,6.09e-06,CTAGAGGAAAGGGTA,15
5682,14660180-14670180,chr11,1,14660212-14660226,+,4.45e-06,CTGGGGGAAAAGGCA,15
65084,86743885-86753885,chr11,1,86748961-86748975,-,4.85e-07,GGAGGGGAAAGGTCA,15
3665,610728-620999,chr11,1,614741-614755,-,2.53e-06,CTTGGGCAAAGGGGA,15
24147,35634734-35644734,chr11,1,35643260-35643274,-,7.74e-06,TTGAGTTAAAGGTCA,15
81532,1780501-1790501,chr11,1,1781958-1781972,+,2.72e-06,GCAGGACAGAGGGCA,15
374403,67166383-67176383,chr11,2,67168387-67168401;67172415-67172429,-;+,8.93e-06;1.51e-06,CTGGGTCACAGGTGA;CTGGGTCACAGGTCA,15;15
26298,34637587-34647587,chr11,1,34645234-34645248,+,8.28e-06,TTTGGCCAAAGTTCA,15
966,33753025-33763025,chr11,1,33757557-33757571,-,7.74e-06,CCGGGGGAAAGGCCA,15
116535,68775850-68785850,chr11,1,68777920-68777934,-,7.26e-07,GTAGGGGAAAGGCCA,15
399888,47603229-47613229,chr11,1,47609511-47609525,-,4.87e-06,CTGGGGGAAGGGGCA,15
89792,65811651-65821651,chr11,1,65816742-65816756,+,4.87e-06,GTAGGGGAGAGGGGA,15
91894,111784600-111794600,chr11,1,111789741-111789755,+,2.3e-06,GAAGGGCAAAGGGGA,15
258010,22846382-22856382,chr11,1,22854363-22854377,-,8.93e-06,GGAGGTCAGAGGCCA,15
116519,116658136-116668136,chr11,1,116663366-116663380,-,1.95e-06,GAAGGTTAAAGGTCA,15
83759,66440275-66450275,chr11,1,66444981-66444995,-,4.87e-06,TTGGGGGAAAGGGGA,15
9404,58338390-58350639,chr11,1,58346317-58346331,+,4.87e-06,GGGGGAAAAAGGTCA,15
84959,122521397-122531397,chr11,1,122524791-122524805,-,8.93e-06,CCAGAGCAAAGGGGA,15
10062,47264850-47284467,chr11,3,47270172-47270186;47279169-47279183;47280958-47280972,-;-;-,4.87e-06;5.23e-06;8.93e-06,AAAGGGCAAAGGCCA;GTGGAGCAAAGGTCC;CCAGGGGAGAGGTGA,15;15;15
51035,62441527-62451527,chr11,1,62446872-62446886,-,8.93e-06,GTGGGCCAAAGAGCA,15
79731,78280909-78290909,chr11,1,78288710-78288724,-,3.79e-06,GAAGGTCAAAGGGGA,15
23387,116963993-116973993,chr11,1,116969531-116969545,-,1.49e-07,CTGGGACAGAGGTCA,15
51092,117044938-117054938,chr11,1,117048788-117048802,+,3.79e-06,CTGGATCAAAGGGTA,15
3995,61654006-61664006,chr11,1,61658517-61658531,+,1.37e-07,GGAGGTCAAAGGTCA,15
10196,20404075-20414075,chr11,1,20409720-20409734,-,5.87e-07,CTAGGGCAGAGGCCA,15
2017,70239611-70249611,chr11,1,70242948-70242962,-,4.32e-07,CTAGTGCAAAGGTCA,15
79864,122748472-122758472,chr11,1,122753373-122753387,-,5.67e-06,GGAGGGCAGAGGCCA,15
144097,63575922-63585922,chr11,1,63578127-63578141,+,4.87e-06,CAAGGTCAGAGTTCA,15
653247,11543498-11553498,chr12,1,11544519-11544533,-,9.57e-06,ATTGGAAAAAGGTCA,15
79923,7936994-7946994,chr12,1,7937426-7937440,+,3.79e-06,TTGGGTCAAAGGTCC,15
254013,31795093-31805093,chr12,1,31800424-31800438,+,6.09e-06,CTAAAACAGAGGTCA,15
51279,7256869-7266869,chr12,1,7260953-7260967,-,1.8e-06,GTATGGCAAAGGCCA,15
6231,56430685-56440685,chr12,1,56434060-56434074,+,2.3e-06,GTGGGTTAAAGGTTA,15
4193,69196970-69206970,chr12,1,69202539-69202553,+,2.14e-06,TCAGGGTAAAGGTCA,15
53373,113654259-113664259,chr12,1,113658989-113659003,-,3.23e-06,ATTGGTGAAAGGTCA,15
4254,88969250-88979250,chr12,1,88973079-88973093,+,4.87e-06,GGGGGTGAAAGGGCA,15
4257,16495075-16511350,chr12,3,16497401-16497415;16501284-16501298;16503870-16503884,+;-;-,7.12e-06;5.67e-06;1.8e-06,AAGGGTCAAAGTTCA;GTGGGGCACAGGTGA;CTGGGAAAAAGGGCA,15;15;15
10411,48147181-48157889,chr12,1,48153190-48153204,-,4.13e-06,CTGGGGCAGGGGGCA,15
4815,767755-777755,chr12,1,776144-776158,-,4.13e-06,CTAGAGCAGGGGTCA,15
4327,56231767-56241767,chr12,1,56236823-56236837,-,1.13e-06,GTAGGGCAAGGGTTA,15
51434,110836535-110846535,chr12,1,110843151-110843165,+,1.27e-06,CTAGGTCAGGGGTCA,15
8435,53492273-53502273,chr12,2,53497996-53498010;53498003-53498017,+;+,7.74e-06;2.72e-06,GGATGTCAGAGGTCA;AGAGGTCAGAGGTCA,15;15
57605,123589975-123599975,chr12,1,123599088-123599102,-,1.13e-06,CTGGGACAAAGGGGA,15
57609,50893767-50903767,chr12,1,50898771-50898785,-,5.23e-06,CATGAGCAAAGGTCA,15
23468,54668915-54678915,chr12,1,54674596-54674610,+,4.87e-06,CTAAGTCAGAGGTGA,15
493861,104692509-104702509,chr12,1,104693906-104693920,-,3.23e-06,GGATGACAAAGGTCA,15
84274,120961964-120971964,chr12,1,120966739-120966753,-,1.27e-06,GGGGGGCAAAGGTGA,15
57658,54116307-54126307,chr12,1,54121213-54121227,-,5.67e-06,GTTGGTGAAAGGTGA,15
84305,56315909-56326697,chr12,2,56316153-56316167;56321698-56321712,+;+,1.27e-06;8.28e-06,GTAGGCCAAAGGGGA;TAGGGTCAGAGGGCA,15;15
51564,48208763-48218763,chr12,1,48213097-48213111,-,3.23e-07,CGAGGGCAAAGGGCA,15
92558,120422647-120432647,chr12,1,120426499-120426513,-,3.97e-07,CTGGGGCAAAGGGGA,15
420,14991413-15001413,chr12,2,14994801-14994815;14999964-14999978,-;-,8.93e-06;7.74e-06,TGATGGCAAAGGGCA;CAAGGTCAAAAGGCA,15;15
29953,72661528-72671528,chr12,1,72663412-72663426,+,7.12e-06,CTGGGTTAAAGGGTA,15
55766,14922269-14932269,chr12,2,14927388-14927402;14928154-14928168,+;+,6.62e-06;2.07e-07,GTAGGCGAGAGGTGA;GTAGGGCAAAGGGGA,15;15
490,90044844-90054844,chr12,1,90049833-90049847,-,2.81e-07,ATGGGCCAAAGGTCA,15
6636,96247708-96257708,chr12,1,96252710-96252724,+,8.75e-07,GGAGGTGAAAGGTCA,15
23041,62855596-62865596,chr12,1,62860100-62860114,+,8.28e-06,GTGGAGCAGAGGGTA,15
6667,53768978-53779427,chr12,1,53775293-53775307,-,8.93e-06,GGAGGGCAGAGGGGA,15
2597,6638584-6649408,chr12,1,6647565-6647579,+,1.8e-06,CTGGGGCAGAGGGGA,15
55846,2916786-2926786,chr12,2,2921587-2921601;2922860-2922874,+;-,8.93e-06;3.52e-06,AAAGGAAAAAGGTCA;ATAGGGCAGAGGGTA,15;15
23109,49388088-49398088,chr12,1,49392671-49392685,-,8.28e-06,GTGTGAGAAAGGGCA,15
586,25097393-25107393,chr12,1,25102331-25102345,+,9.57e-06,ACAGATCAGAGGTCA,15
3853,52882181-52892181,chr12,1,52882796-52882810,-,6.62e-06,GAAGGGCAAAGGACA,15
84975,53640369-53650875,chr12,1,53646295-53646309,+,3.52e-06,CTGTGGGAAAGGGCA,15
121504,14919065-14929065,chr12,2,14927388-14927402;14928154-14928168,+;+,6.62e-06;2.07e-07,GTAGGCGAGAGGTGA;GTAGGGCAAAGGGGA,15;15
121512,32650040-32660040,chr12,1,32654789-32654803,-,2.14e-06,CAGGGAGAAAGGTCA,15
2735,57848917-57858933,chr12,1,57852748-57852762,-,8.28e-06,CAAGGAAAAAGGGCA,15
10019,111838751-111848751,chr12,1,111844329-111844343,+,4.45e-06,ATGGGGGAGAGGGCA,15
4891,51414924-51427058,chr12,1,51420066-51420080,-,9.57e-06,CAAGGTCAGGGGTCA,15
1840,113490661-113500661,chr12,1,113500642-113500656,-,2.53e-06,GCAGGGGAAAGGTGA,15
7004,3063477-3073747,chr12,1,3067892-3067906,-,3e-06,ATGGGAGAAAGGGCA,15
7009,50130292-50140591,chr12,1,50136380-50136394,+,6.62e-06,TAAGGTCAAAGGTAA,15
25875,51437081-51447081,chr12,1,51442088-51442102,-,8.93e-06,TTGGGTCAAAGTTAA,15
928,6304481-6314481,chr12,2,6305265-6305279;6310593-6310607,-;-,2.3e-06;6.62e-06,CTGGGCCAAAGTGCA;GGAGGGGAGAGGGCA,15;15
5037,118568869-118578869,chr12,1,118576739-118576753,-,2.83e-08,CTAGAGCAAAGGTCA,15
51019,102450899-102460899,chr12,1,102457031-102457045,+,9.57e-06,AAATGACAAAGGTCA,15
967,56116572-56128457,chr12,1,56122137-56122151,+,1.8e-06,CTGGGGCAGAGGGGA,15
9169,46379401-46389401,chr12,1,46384715-46384729,-,5.67e-06,GGAGGGCAGAGGCCA,15
9194,59984820-59994820,chr12,1,59993490-59993504,-,8.28e-06,GGGGAACAAAGGGCA,15
160760,111016064-111026064,chr12,1,111021726-111021740,-,1.95e-06,CAAGGGCAAAGGTCT,15
7181,95462404-95472404,chr12,1,95466831-95466845,+,1.51e-06,GCAGGTTAAAGGTCA,15
121355,54862386-54872386,chr12,1,54866901-54866915,-,2.14e-06,GTAGGGAAAAGGTAA,15
5153,54938176-54948176,chr12,1,54945296-54945310,+,9.57e-06,CTGGGGAAAGGGGCA,15
115811,113653880-113663880,chr12,1,113658989-113659003,-,3.23e-06,ATTGGTGAAAGGTCA,15
23371,53435809-53448834,chr12,1,53438216-53438230,-,4.87e-06,GTGGGGGAAGGGGCA,15
3178,54669487-54679487,chr12,1,54674596-54674610,+,4.87e-06,CTAAGTCAGAGGTGA,15
144501,52580784-52590784,chr12,1,52588852-52588866,-,4.87e-06,CTGGGGTAAAGGGGA,15
81029,1721221-1731221,chr12,1,1727732-1727746,-,3.23e-06,ATAGGTCACAGGTCA,15
7316,125394587-125404587,chr12,1,125401213-125401227,+,2.14e-06,ATGGGCCAAAGGTTA,15
57542,27928186-27938186,chr12,1,27931332-27931346,-,9.57e-06,GAAAGTCAAAGGTGA,15
50846,49483602-49493602,chr12,1,49485908-49485922,+,8.93e-06,GGAGAGGAAAGGGCA,15
5318,33044780-33054780,chr12,1,33046681-33046695,-,5.22e-07,GTAGAACAAAGGGCA,15
54509,122226594-122236594,chr12,2,122232643-122232657;122236254-122236268,-;-,9.57e-06;4.13e-06,GTGGTGCAGAGGGCA;TCAGGGCAAAGGGGA,15;15
25946,54773481-54790083,chr12,1,54779626-54779640,+,1.8e-06,GTGGGGCAGAGGGGA,15
5501,111175783-111185783,chr12,1,111181448-111181462,+,3.79e-06,CCAGGGCAAAGTTGA,15
1407,107482635-107492635,chr12,1,107488050-107488064,+,4.13e-06,CTGGGGAAAAGGGTA,15
3489,53486435-53496435,chr12,1,53491360-53491374,-,1.27e-06,GTGGGGGAGAGGGCA,15
5542,11503524-11513524,chr12,1,11504800-11504814,-,9.57e-06,ATTGGAAAAAGGTCA,15
100507055,133182037-133192037,chr12,1,133184994-133185008,+,1.8e-06,GGAAGTCAAAGGTCA,15
1466,77267799-77277799,chr12,1,77273959-77273973,+,6.62e-06,CTTGGGGAGAGGGCA,15
5564,120100760-120110760,chr12,1,120108059-120108073,-,1.51e-06,GTTGGGCAGAGGGCA,15
5571,49407531-49417629,chr12,2,49412827-49412841;49413762-49413776,-;-,5.23e-06;7.74e-06,GAGAGGCAAAGGGCA;TGTGGGCAAAGGGCA,15;15
114134,40494661-40504661,chr12,1,40500016-40500030,-,4.87e-06,CTAGGTCAGAGGTCG,15
11176,57025163-57035163,chr12,1,57030475-57030489,-,5.67e-06,CTAGGGTACAGGTCA,15
9733,108950165-108960165,chr12,1,108957403-108957417,-,4.45e-06,CTTGGAGAAAGGGCA,15
949,125343519-125353519,chr12,1,125348726-125348740,-,3.23e-06,GTAGGAGAAAGGGGA,15
56901,57629475-57639475,chr12,3,57632476-57632490;57634092-57634106;57636142-57636156,-;+;+,8.28e-06;7.26e-07;5.67e-06,TCAGAACAAAGGGCA;TTGGGGCAAGGGTCA;CAAGGGCAAAGGGAA,15;15;15
1606,56319945-56330811,chr12,1,56321698-56321712,+,8.28e-06,TAGGGTCAGAGGGCA,15
23479,108951293-108961293,chr12,1,108957403-108957417,-,4.45e-06,CTTGGAGAAAGGGCA,15
1634,91567329-91581806,chr12,1,91571315-91571329,-,7.12e-06,ATGGGCCAAAGGGGA,15
55907,22194109-22204109,chr12,1,22201701-22201715,+,2.72e-06,AAAGGGCAAAGTTCA,15
5756,44195178-44205178,chr12,1,44199441-44199455,+,8.93e-06,CTAGGAAAAAGATCA,15
5777,7050739-7065433,chr12,1,7058603-7058617,+,7.26e-07,TTGGGGGAAAGGGCA,15
26290,4824751-4834751,chr12,1,4830139-4830153,+,2.3e-06,ATGGGTGAGAGGTCA,15
9924,56722533-56732837,chr12,1,56727592-56727606,+,6.38e-07,ATAGGGCAAGGGTCA,15
84987,50500763-50510763,chr12,1,50504976-50504990,+,8.93e-06,TGGGGGCAAAGGGGA,15
9971,100862550-100872550,chr12,1,100866355-100866369,+,5.67e-06,CTAAGACAAAGGGTA,15
347902,47468734-47478734,chr12,1,47474172-47474186,+,8.93e-06,TTGGGGCAAGGGCCA,15
3855,52621953-52631953,chr12,2,52622319-52622333;52624363-52624377,+;+,7.12e-06;8.93e-06,CTAGGGAAAAGGGCT;CTGGGGCAGAGGTGT,15;15
83729,57844095-57854095,chr12,1,57852748-57852762,-,8.28e-06,CAAGGAAAAAGGGCA,15
196394,31877108-31887108,chr12,1,31881486-31881500,-,8.93e-06,CTGGGATAAAGGTAA,15
5959,56109150-56119150,chr12,1,56114879-56114893,+,7.74e-06,TTAGGGGAAAGGGCT,15
56938,27480786-27490786,chr12,1,27485551-27485565,-,5.23e-06,TCGGGGCAAAGGTAA,15
5992,106971684-106981684,chr12,1,106977216-106977230,+,7.74e-06,GTTGGGAAAAGTTCA,15
8079,6857082-6867082,chr12,1,6863159-6863173,+,8.75e-07,TTAGGTCAAAGGTCT,15
9880,57395297-57405297,chr12,1,57395432-57395446,+,8.75e-07,GCAGGTCAAAGGTGA,15
8089,69748531-69758531,chr12,1,69753793-69753807,+,6.62e-06,GGAGAGTAAAGGTCA,15
8091,66213239-66223239,chr12,2,66217326-66217340;66220630-66220644,-;+,3e-06;7.12e-06,CCAGGGTAAAGGGCA;TTAAGGCAGAGTTCA,15;15
55198,105622183-105635008,chr12,1,105629823-105629837,+,3.52e-06,GAAGGACAGAGGGCA,15
10162,7120842-7130842,chr12,1,7125949-7125963,+,7.26e-07,GTAAGGCAAAGGTGA,15
4033,25200180-25210180,chr12,1,25209090-25209104,+,8.28e-06,GTATGGCAGAGGTAA,15
25900,6660249-6670249,chr12,1,6665310-6665324,+,4.85e-07,GCGGGGCAGAGGTCA,15
10576,69974207-69984461,chr12,1,69979321-69979335,-,8.28e-06,GTAGGGCAAGAGGCA,15
10220,56132063-56142063,chr12,1,56135833-56135847,-,8.93e-06,CTGGGGGAAGGGTGA,15
23047,33155563-33165563,chr13,1,33160156-33160170,+,8.93e-06,CTAGGTCAGAGTTAA,15
10810,27126839-27136839,chr13,1,27133257-27133271,-,5.67e-06,CTTTGGGAAAGGTCA,15
1102,49102316-49112316,chr13,1,49106118-49106132,+,8.93e-06,CTGGGGGAAAGAGCA,15
160857,44448826-44458826,chr13,1,44454418-44454432,+,8.93e-06,TTGGGGCAAAGGGCG,15
2155,113755101-113765101,chr13,1,113759939-113759953,-,3.52e-06,ACAGGAGAAAGGTCA,15
2159,113772112-113782112,chr13,1,113777111-113777125,-,9.57e-06,CTGGAGCAAAGTCCA,15
55208,114140023-114150023,chr13,1,114144187-114144201,-,8.93e-06,TTGGGACAAAGGCTA,15
55578,37628850-37638850,chr13,1,37633613-37633627,-,7.12e-06,CAGGGTCAGAGGTGA,15
57511,40224763-40234763,chr13,1,40229862-40229876,+,1.8e-06,CTATGGCAGAGGGCA,15
23250,113339642-113349642,chr13,3,113344154-113344168;113344161-113344175;113344168-113344182,-;-;-,1.62e-06;5.23e-06;5.67e-06,AGAGGGCAGAGGTCA;AGAGGGCAGAGGGCA;TGGGGGCAGAGGGCA,15;15;15
87769,101236046-101246046,chr13,1,101241616-101241630,-,3.23e-06,CTAGGGAAGAGGTGA,15
55002,114140307-114150307,chr13,1,114144187-114144201,-,8.93e-06,TTGGGACAAAGGCTA,15
23077,77896177-77906177,chr13,1,77899796-77899810,-,2.72e-06,GTAGGGAAAAGGGGA,15
241,31282614-31292614,chr13,1,31289952-31289966,-,8.28e-06,AGAGGTCAAAGGCCA,15
90634,32997315-33007315,chr13,1,33002486-33002500,-,5.87e-07,TCAGGGCAAAGGGCA,15
1282,110954496-110964496,chr13,1,110956746-110956760,+,8.28e-06,TGAGGGGAAAGTTCA,15
1284,110954630-110964630,chr13,1,110956746-110956760,+,8.28e-06,TGAGGGGAAAGTTCA,15
115761,50197434-50207434,chr13,1,50199748-50199762,+,5.67e-06,CCAGGGCATAGGTCA,15
6541,30164825-30174825,chr13,1,30168115-30168129,-,8.85e-08,TTAGGGGAAAGGTCA,15
1880,99954749-99964749,chr13,1,99962697-99962711,+,3.52e-06,GTATGAAAAAGGTCA,15
79596,79228314-79238314,chr13,1,79232656-79232670,+,1.04e-06,TCAGAGCAAAGGTCA,15
93081,103421149-103431149,chr13,1,103423017-103423031,-,8.93e-06,GAGGGTGAAAGTTCA,15
6555,103714196-103724196,chr13,1,103720761-103720775,-,1.71e-07,GTAGGCCAGAGGTCA,15
10150,97869549-97879549,chr13,1,97876871-97876885,-,4.45e-06,TTTGGTAAAAGGTCA,15
144811,44448419-44458968,chr13,1,44454418-44454432,+,8.93e-06,TTGGGGCAAAGGGCG,15
337867,99847678-99858162,chr13,1,99854289-99854303,-,8.28e-06,CCAGGCCAAAGTGCA,15
221143,21343057-21353057,chr13,1,21351136-21351150,+,5.67e-06,GGAAGTCAAAGGGCA,15
8100,21136207-21146207,chr13,1,21141042-21141056,-,6.62e-06,GTGGAGGAGAGGGCA,15
10208,31186829-31196829,chr13,1,31194062-31194076,+,4.45e-06,AGAGGGTAAAGGTCA,15
5095,100736268-100746268,chr13,1,100741333-100741347,+,6.62e-06,CTGTGTGAGAGGTCA,15
55640,76039939-76049939,chr14,2,76044133-76044147;76044456-76044470,+;-,1.04e-06;7.74e-06,CAAGGACAGAGGTCA;CTGGGTTAAAGGGGA,15;15
55320,45717605-45727605,chr14,2,45719358-45719372;45719442-45719456,+;-,2.3e-06;8.93e-06,GTAGGATAAAGGTGA;GTGGGAAAAAGGTCT,15;15
122953,75889508-75903836,chr14,1,75894297-75894311,-,8.28e-06,CCGGGGGAAAAGTCA,15
7187,103238815-103248815,chr14,1,103242884-103242898,+,8.28e-06,TTGGGGCAGAAGGCA,15
22890,64966291-64976291,chr14,1,64974348-64974362,+,6.62e-06,GTAGAGGAAAGGGGA,15
80017,91575356-91585978,chr14,1,91575797-91575811,+,3.79e-06,TTATGAGAAAGGTCA,15
145567,91277761-91287761,chr14,1,91287410-91287424,-,7.12e-06,TGAGGCCAAAGGTTA,15
123099,100621012-100631012,chr14,1,100621577-100621591,-,9.57e-06,GTGGGGAAGAGGCCA,15
64112,93646249-93656249,chr14,1,93651693-93651707,-,9.43e-07,CTAGGAGAAAGGTGA,15
196883,24799277-24809277,chr14,2,24805257-24805271;24809250-24809264,+;+,4.13e-06;4.13e-06,CTGGGGGACAGGTCA;GTGGGGCAGGGGGCA,15;15
2342,65448506-65458506,chr14,1,65454057-65454071,-,2.53e-06,TTAGGGCAGAGGGGA,15
84334,104024298-104034298,chr14,1,104024509-104024523,-,8.93e-06,TGGGGTCAGAGGGCA,15
63874,23062146-23072146,chr14,1,23071937-23071951,+,1.13e-06,GAAGGTCAAAGGTGA,15
27030,75513235-75523235,chr14,1,75518391-75518405,-,8.28e-06,TAAGAGCAAAGGTGA,15
2530,65872309-65882309,chr14,1,65880225-65880239,+,8.93e-06,CTAGGGCAGGGGCCA,15
27141,24775576-24785576,chr14,1,24777224-24777238,+,8.93e-06,GAAGGGCAAAGTCCA,15
4624,23872486-23882486,chr14,1,23879068-23879082,-,3e-06,CTAGGGGAGAGGCCA,15
4625,23899870-23909870,chr14,2,23900577-23900591;23903816-23903830,+;-,6.62e-06;3.52e-06,CTAGAGCAAGGGTGA;GTAGGAGAAAGTGCA,15;15
84502,24043009-24053009,chr14,1,24047327-24047341,+,4.87e-06,GCAGGGGAAAGGCCA,15
8747,70913873-70923873,chr14,1,70915430-70915444,+,6.09e-06,CAGGGGTAAAGGGCA,15
623,96717546-96727546,chr14,1,96726277-96726291,+,7.12e-06,CTAAGGGAAAAGTCA,15
4776,24831144-24843301,chr14,1,24842086-24842100,+,8.93e-06,TGAGGACAAAAGTCA,15
84659,21505384-21515384,chr14,1,21512301-21512315,+,5.67e-06,CTAGGTAAGAGTTCA,15
10972,75638349-75648349,chr14,1,75643348-75643362,-,4.45e-06,GAAGGTCAGAGGTGA,15
91748,74248896-74258896,chr14,1,74250162-74250176,+,9.43e-07,GAGGAGCAAAGGTCA,15
11035,24804242-24814242,chr14,2,24805257-24805271;24809250-24809264,+;+,4.13e-06;4.13e-06,CTGGGGGACAGGTCA;GTGGGGCAGGGGGCA,15;15
11183,50994376-51004376,chr14,1,50999892-50999906,-,3.97e-07,CAGGGACAAAGGTCA,15
23034,55029329-55039329,chr14,1,55032151-55032165,+,1.51e-06,CCAGAGCAAAGGGCA,15
283635,35509112-35520609,chr14,1,35515013-35515027,-,2.14e-06,GGAGAGCAAAGGGCA,15
283643,105951191-105962585,chr14,1,105952088-105952102,-,6.62e-06,CTTGGGGAGAGGGCA,15
54331,52322021-52332021,chr14,1,52328234-52328248,+,7.12e-06,CTAGGTCAAGGTGCA,15
9056,23280107-23294020,chr14,1,23291357-23291371,-,9.57e-06,AAGGGACAAAGGTGA,15
60485,51130071-51140071,chr14,1,51133285-51133299,+,8.93e-06,GTAGATCAAAAGTTA,15
56413,24774356-24784356,chr14,1,24777224-24777238,+,8.93e-06,GAAGGGCAAAGTCCA,15
5228,75417467-75427467,chr14,1,75426584-75426598,-,1.51e-06,CTGGGGAAAAGTTCA,15
9362,24535755-24545755,chr14,1,24544060-24544074,-,6.62e-06,GCAGGGGAAAGGTCT,15
58533,35094315-35104366,chr14,1,35098293-35098307,+,3.79e-06,GTTGGTCAAAGGGTA,15
51062,50994799-51004799,chr14,1,50999892-50999906,-,3.97e-07,CAGGGACAAAGGTCA,15
1241,24775704-24787312,chr14,1,24777224-24777238,+,8.93e-06,GAAGGGCAAAGTCCA,15
29933,105526754-105536754,chr14,1,105527145-105527159,+,7.74e-06,CTGGGTCAGAGGGCT,15
7443,97258683-97268683,chr14,1,97264338-97264352,-,3e-06,TCAAGTCAAAGGTCA,15
9529,104023655-104034151,chr14,1,104024509-104024523,-,8.93e-06,TGGGGTCAGAGGGCA,15
64841,53253386-53263386,chr14,1,53257923-53257937,-,2.72e-06,CTGGAGCAGAGGTTA,15
1396,105948256-105958256,chr14,1,105952088-105952102,-,6.62e-06,CTTGGGGAGAGGGCA,15
1397,105934274-105946111,chr14,2,105937276-105937290;105945668-105945682,-;-,1.51e-06;1.27e-06,GGAGGGCAGAGGGCA;GTGGGGGAGAGGGCA,15;15
26175,93646295-93656374,chr14,1,93651693-93651707,-,9.43e-07,CTAGGAGAAAGGTGA,15
7597,64965554-64975554,chr14,1,64974348-64974362,+,6.62e-06,GTAGAGGAAAGGGGA,15
57594,23750309-23760309,chr14,1,23755175-23755189,+,1.27e-06,GTGGGGGAGAGGGCA,15
9766,70073309-70083309,chr14,1,70081517-70081531,+,6.09e-06,GAAGGCCAGAGGGCA,15
122416,102971128-102981128,chr14,1,102975385-102975399,+,8.93e-06,CTGGGACAGAAGGCA,15
1983,103795338-103806197,chr14,1,103799664-103799678,+,9.43e-07,CTAGGAGAAAGGTGA,15
9870,75174807-75184807,chr14,1,75179783-75179797,-,1.8e-06,CTTGGGGAAAGGGCA,15
91828,103561480-103571480,chr14,1,103566988-103567002,+,8.28e-06,ACGGGCCAGAGGTCA,15
161142,67651109-67661109,chr14,1,67654096-67654110,-,7.12e-06,GGAGGGAAAAGGTGA,15
89932,73699204-73709204,chr14,1,73702367-73702381,-,8.28e-06,CTTGGTCAAAGGTCC,15
122706,23506375-23516375,chr14,1,23514691-23514705,-,8.93e-06,ATAGGGCAGAGGGAA,15
112487,31921680-31931680,chr14,1,31931028-31931042,+,6.09e-06,GTATGTGAAAGGTTA,15
55147,23383396-23393396,chr14,1,23391335-23391349,+,5.67e-06,CAAAGGCAAAGGTTA,15
145264,94979181-94989181,chr14,1,94988731-94988745,-,4.45e-06,GAAGGGCACAGGTCA,15
51077,75174849-75184849,chr14,1,75179783-75179797,-,1.8e-06,CTTGGGGAAAGGGCA,15
122786,51950838-51960838,chr14,1,51955896-51955910,-,7.26e-07,TTGGGGGAAAGGGCA,15
10202,24100572-24110572,chr14,1,24108359-24108373,-,1.62e-06,GGAGGGCAAAAGTCA,15
79895,50406419-50416419,chr15,1,50408928-50408942,-,4.13e-06,TAGGGGAAAAGGTCA,15
2108,76598810-76608810,chr15,1,76603935-76603949,+,8.85e-08,GTGGGGCAAAGGTGA,15
54629,59058392-59068392,chr15,1,59062662-59062676,+,9.57e-06,TTAGGAAAAAAGTCA,15
10363,77708242-77718242,chr15,1,77711716-77711730,+,3.46e-07,ATGGGTCAAAGGGCA,15
2200,48932985-48942985,chr15,1,48940404-48940418,-,7.12e-06,CTGAGAGAAAGGGCA,15
10518,78418877-78428877,chr15,1,78424398-78424412,+,7.12e-06,GTGTGACAAAGGCCA,15
302,60685185-60695185,chr15,1,60695107-60695121,-,4.87e-06,ATGAGGCAAAGTTCA,15
123207,83675393-83685393,chr15,1,83679970-83679984,+,4.85e-07,GGAGGCCAAAGGTCA,15
399694,49250641-49260641,chr15,1,49258274-49258288,+,7.12e-06,CTGAGAGAAAGGGCA,15
145748,100268626-100278626,chr15,1,100273348-100273362,-,1.27e-06,GGGGGTCAGAGGTCA,15
80237,44064502-44074502,chr15,1,44069407-44069421,-,5.67e-06,CTGAGTGAGAGGTCA,15
80301,65129081-65139081,chr15,1,65137524-65137538,+,6.62e-06,GGAGGGGAGAGGGCA,15
567,44998684-45008684,chr15,1,45004045-45004059,-,1.04e-06,GTAGGCCAAAGGTCT,15
10933,79160122-79170330,chr15,1,79166787-79166801,-,4.87e-06,GGGGGGCAGAGGTGA,15
92912,76130621-76141384,chr15,1,76136250-76136264,+,7.12e-06,CCGGGACAAAGGGGA,15
6938,57205832-57215832,chr15,1,57210232-57210246,-,5.23e-06,GCGGGAGAAAGGGCA,15
5045,91406884-91416884,chr15,1,91413037-91413051,-,7.86e-07,CTAGAAGAAAGGTCA,15
7168,63329837-63345635,chr15,2,63334202-63334216;63343867-63343881,+;-,2.6e-07;8.28e-06,CTGGGGGAAAGGGCA;GATGATCAAAGGTCA,15;15
388135,74038816-74048816,chr15,1,74039390-74039404,-,2.6e-07,GTAGAGGAAAGGTCA,15
60490,75310926-75320926,chr15,1,75312441-75312455,+,1.51e-06,CTGGAGCAGAGGGCA,15
1106,93438550-93448550,chr15,1,93442931-93442945,-,8.93e-06,CTGGAGCAAAAGTTA,15
57538,85354910-85364910,chr15,1,85364906-85364920,-,7.74e-06,GAGGGAGAGAGGTCA,5
25820,72761666-72771666,chr15,1,72765886-72765900,+,4.13e-06,ATAGGGCAAGGGTTA,15
5346,90217648-90227648,chr15,2,90223856-90223870;90223983-90223997,+;+,3e-06;4.13e-06,CTGAGCCAAAGGGCA;GTGGGTGAGAGGTGA,15;15
3480,99187760-99197760,chr15,1,99191155-99191169,-,5.23e-06,CTGGGAGAAAGGGGA,15
64220,74490220-74507046,chr15,1,74502518-74502532,-,6.09e-06,GTGTGCCAAAGGTTA,15
1464,76000189-76010189,chr15,1,76006095-76006109,+,4.45e-06,GGAGGAGAAAGGGCA,15
390594,65364153-65374153,chr15,1,65370463-65370477,-,6.09e-06,TTAGGAGAAAGGTCT,15
1543,75012877-75022877,chr15,1,75018786-75018800,+,2.72e-06,AGGGGGCAGAGGTCA,15
1583,74653553-74665081,chr15,1,74658115-74658129,+,5.67e-06,CGAGGGCAGAGGCCA,15
5685,78827746-78837746,chr15,1,78832581-78832595,-,8.93e-06,ATGGGGAAGAGGGCA,15
56905,75489220-75499220,chr15,1,75495298-75495312,+,1.27e-06,GTAGGGGAAAGGGGA,15
54866,41115907-41125907,chr15,1,41117897-41117911,-,3.97e-07,CTTGGGCAGAGGTCA,15
56965,72558628-72568628,chr15,1,72568093-72568107,-,4.87e-06,TTTGGGGAGAGGTCA,15
54993,85139248-85149248,chr15,1,85148607-85148621,+,3e-06,GGAGAGGAAAGGTCA,15
79664,60766359-60776359,chr15,2,60769025-60769039;60771034-60771048,+;+,2.26e-07;4.45e-06,GGAGGACAAAGGTCA;GCAGGTAAAAGGGCA,15;15
1854,48618620-48629364,chr15,2,48622510-48622524;48623718-48623732,+;-,2.26e-07;8.93e-06,ATGGGGCAGAGGTCA;CGAGGGCAGAGGGGA,15;15
10125,38852007-38862007,chr15,1,38854780-38854794,+,6.09e-06,GTAGGGGAAAGGTTT,15
10169,44064293-44074293,chr15,1,44069407-44069421,-,5.67e-06,CTGAGTGAGAGGTCA,15
79834,77707446-77717446,chr15,1,77711716-77711730,+,3.46e-07,ATGGGTCAAAGGGCA,15
4088,67353194-67363194,chr15,1,67356358-67356372,+,5.67e-06,CTGAATCAAAGGGCA,15
221184,57121454-57131454,chr16,1,57127112-57127126,-,8.93e-06,GGAGGGCAGAGGGGA,15
10300,57764659-57774659,chr16,1,57770085-57770099,+,7.12e-06,ATATGGGAAAGGGCA,15
4157,89979286-89989286,chr16,1,89982207-89982221,+,6.38e-07,AGGGGGCAAAGGTCA,15
10421,30361255-30371682,chr16,1,30366983-30366997,-,8.93e-06,CTGGGGGAAGGGTGA,15
6345,4287081-4297081,chr16,1,4294544-4294558,+,3.52e-06,CAAGGGGAAAGTTCA,15
2294,86539132-86549132,chr16,1,86548294-86548308,-,9.57e-06,GAGGGGCAAAGGGCT,15
4350,122017-133168,chr16,1,129016-129030,+,6.62e-06,TTGGATGAAAGGGCA,15
493829,31220341-31230341,chr16,1,31221553-31221567,+,8.93e-06,GTGGATCAGAGGCCA,15
28955,11031257-11041257,chr16,1,11035545-11035559,+,9.57e-06,GTAGGGAAGAGGGGA,15
10294,47002625-47012625,chr16,1,47007608-47007622,-,1.8e-07,CTGGGTCAAAGTTCA,15
55623,20748199-20758199,chr16,1,20756514-20756528,-,6.09e-06,GGAGGTGAAAGTTCA,15
51573,19528450-19538450,chr16,1,19532305-19532319,+,1.37e-06,CTGGGGAAAAGGTGA,15
23274,11033344-11043344,chr16,1,11035545-11035559,+,9.57e-06,GTAGGGAAGAGGGGA,15
4502,56637477-56647477,chr16,1,56640189-56640203,-,3.23e-06,TTGGGACAGAGGTGA,15
6560,67992968-68007597,chr16,2,67993625-67993639;68003527-68003541,+;-,3.52e-06;5.67e-06,GTGTGGGAAAGGGCA;CTGGGGGAGGGGTCA,15;15
730183,30704810-30714810,chr16,2,30709602-30709616;30710464-30710478,-;+,1.8e-06;3.97e-07,GTGGGAAAAAGGGCA;CTTGGGCAGAGGTCA,15;15
117166,676011-686011,chr16,1,679976-679990,+,8.85e-08,CTGGGTCAGAGGTCA,15
65988,30541194-30551194,chr16,1,30546198-30546212,-,9.57e-06,CAGGGGCAAAGGTCG,15
57799,634356-645172,chr16,1,643658-643672,-,3e-06,CTAAGAAAAAGGTCA,15
84464,3656585-3666585,chr16,1,3660001-3660015,+,6.09e-06,GGAGAGAAAAGGTCA,15
23090,49886830-49896830,chr16,1,49888416-49888430,+,3.52e-06,TCAGGCCAGAGGTCA,15
2653,81124980-81134980,chr16,1,81129518-81129532,+,9.43e-07,CTAGGGCAAAGGCTA,15
10847,30705461-30715461,chr16,2,30709602-30709616;30710464-30710478,-;+,1.8e-06;3.97e-07,GTGGGAAAAAGGGCA;CTTGGGCAGAGGTCA,15;15
55911,28500969-28510969,chr16,1,28506137-28506151,-,3.52e-06,GGAGGGGAAAGGTGA,15
11273,28829368-28839368,chr16,1,28831523-28831537,+,1.27e-06,CCAAGTCAAAGGTCA,15
197259,74729789-74739789,chr16,1,74735084-74735098,+,7.12e-06,GTGGGAAAAAAGTCA,15
92154,70714954-70724954,chr16,2,70715626-70715640;70724676-70724690,-;-,7.12e-06;5.67e-06,CTGGGATAAAGGCCA;CTGGGGGAGGGGTCA,15;15
64223,2250177-2260731,chr16,1,2256038-2256052,-,1.13e-06,AGGGGTCAAAGGTCA,15
23406,84646669-84656669,chr16,1,84652738-84652752,+,8.93e-06,GTAGGTAAAAAGGCA,15
9100,84728554-84738554,chr16,1,84733370-84733384,-,6.09e-06,GAAGGGGAGAGGGCA,15
11151,30189730-30199730,chr16,1,30198563-30198577,-,6.38e-07,TAGGGTCAAAGGTCA,15
3029,1872195-1882195,chr16,1,1878995-1879009,-,4.32e-07,GAAGGCCAAAGGTCA,15
146429,89261529-89271529,chr16,1,89266767-89266781,-,6.62e-06,TGAGGTCAAGGGTCA,15
1071,56990834-57000834,chr16,1,56999642-56999656,+,2.72e-06,CTGGGGGAGAGTTCA,15
255027,15484610-15494610,chr16,1,15490226-15490240,+,6.09e-06,CCAGGGCAAAGGCTA,15
9289,57648909-57667418,chr16,1,57656642-57656656,+,5.22e-07,CTAGGCAAAAGGTCA,15
29800,67445339-67455339,chr16,1,67450527-67450541,-,8.28e-06,CTAGACGAAAGGTTA,15
51734,1988294-1998294,chr16,1,1991026-1991040,-,1.49e-07,CCAGGACAAAGGTCA,15
1201,28498403-28508623,chr16,1,28506137-28506151,-,3.52e-06,GGAGGGGAAAGGTGA,15
29948,83981826-83991826,chr16,1,83986530-83986544,+,4.13e-06,TTATGGCAAAGGCCA,15
64788,1015984-1025984,chr16,1,1021516-1021530,-,5.23e-06,CTGGGAGAAAGGGGA,15
4313,55508080-55520473,chr16,1,55517564-55517578,-,9.57e-06,ATGGGGCACAGGGCA,15
85320,48261182-48274088,chr16,1,48269727-48269741,+,1.62e-06,CAGAGGCAAAGGTCA,15
197335,694362-704362,chr16,1,699195-699209,+,3.97e-07,GCGGGGCAAAGGGCA,15
51451,25118046-25128046,chr16,1,25122742-25122756,-,6.62e-06,TTCGGGCAAAGGGCA,15
9738,19530178-19540178,chr16,1,19532305-19532319,+,1.37e-06,CTGGGGAAAAGGTGA,15
9739,30963614-30973614,chr16,1,30965056-30965070,-,1.04e-06,GCAGGGCAAAGGCCA,15
5681,67922174-67932174,chr16,1,67926874-67926888,-,4.87e-06,TTGGGGGAAAGGGGA,15
9798,71923310-71934395,chr16,1,71929765-71929779,-,6.62e-06,CTAGGGGAAAGTTAA,15
3683,30478982-30488982,chr16,1,30484046-30484060,+,6.09e-06,AGAGGCCAAAGGGCA,15
93129,30955404-30965404,chr16,1,30965056-30965070,-,1.04e-06,GCAGGGCAAAGGCCA,15
91949,23459512-23469512,chr16,1,23464087-23464101,-,3e-06,GCTGGGCAGAGGTCA,15
57149,20906556-20917074,chr16,1,20915106-20915120,+,6.62e-06,TTGGATCAAGGGTCA,15
51025,4396373-4406373,chr16,1,4401306-4401320,+,8.75e-07,GCGGGTCAGAGGTCA,15
51005,2565362-2575362,chr16,1,2574651-2574665,-,7.12e-06,TTGGGGCAAAGGGCC,15
123879,20906561-20916561,chr16,1,20915106-20915120,+,6.62e-06,TTGGATCAAGGGTCA,15
1006,62065739-62075739,chr16,1,62068884-62068898,+,8.93e-06,GCGGGGGAAGGGTCA,15
2013,10669539-10679539,chr16,1,10679055-10679069,+,3e-06,GTAGAACAAAGGTAA,15
81889,1872224-1882224,chr16,1,1878995-1879009,-,4.32e-07,GAAGGCCAAAGGTCA,15
4097,79876444-79890587,chr17,1,79884603-79884617,-,2.14e-06,CGGGGTCAAAGGTGA,15
6155,41145445-41155445,chr17,1,41150422-41150436,+,8.28e-06,CGGGGTGAAAGGTTA,15
100885848,41127545-41137545,chr17,1,41133410-41133424,-,5.67e-06,GTGAGGGAAAGGTGA,15
79893,34895736-34905736,chr17,1,34901096-34901110,+,5.67e-06,TGGGGGCAGAGGGCA,15
10266,40908211-40918211,chr17,1,40915335-40915349,+,4.87e-06,GTGGGGGAAGGGGCA,15
37,7115443-7128149,chr17,2,7123634-7123648;7123672-7123686,+;+,1.37e-07;2.18e-08,GTAGGGGAAAGGGCA;CTAGGGGAAAGGTCA,15;15
114757,74528987-74538987,chr17,1,74536768-74536782,-,5.67e-06,TTAGGGCAAGGGCCA,15
55379,48469914-48479914,chr17,1,48475070-48475084,+,7.74e-06,CGAGGCGAAAGGGCA,15
79990,40824048-40834048,chr17,1,40826032-40826046,+,7.74e-06,CTGGGCCAGAGGGGA,15
10400,17475779-17500017,chr17,1,17484319-17484333,+,1.27e-06,CTAGGGGAAAGGGGA,15
90313,27890738-27900738,chr17,1,27899170-27899184,-,5.67e-06,GCAGAGCAAAGGCCA,15
4302,36856872-36866872,chr17,1,36860448-36860462,-,9.57e-06,GTAGGGGAGAAGGCA,15
218,19643772-19656746,chr17,1,19656357-19656371,+,1.62e-06,TCAGGACAAAGGGCA,15
224,19547063-19557063,chr17,2,19548184-19548198;19550504-19550518,-;+,4.45e-06;7.12e-06,GTAGGTGAAAAGGCA;ATTTGTCAAAGGTCA,15;15
10476,73038074-73048074,chr17,1,73043241-73043255,-,1.8e-06,GTGGGGCAGAGGGGA,15
242,7986021-7996021,chr17,1,7994516-7994530,-,6.09e-06,ACAGGGCAAAGGGGA,15
6397,75079724-75090234,chr17,1,75084585-75084599,-,7.74e-06,CTGGGCCAGAGGGGA,15
57659,7377944-7392568,chr17,2,7379571-7379585;7389717-7389731,+;+,5.67e-06;1.8e-06,CTAGAAGAAAGTTCA;CTGGGAGAAAGTTCA,15;15
6470,18261856-18271856,chr17,1,18266032-18266046,+,7.74e-06,CTGGACCAAGGGTCA,15
399687,27502407-27512407,chr17,1,27503579-27503593,-,8.93e-06,GGAGGTCAGAGGCCA,15
10594,1583176-1593176,chr17,1,1587762-1587776,-,6.09e-06,GCAGGAGAAAGGTGA,15
90507,45913699-45923699,chr17,2,45915036-45915050;45915076-45915090,+;+,4.13e-06;3.52e-06,CTGGGATAAAGTTCA;TTAAGGCAAAGGCCA,15;15
124997,1614816-1633124,chr17,2,1617193-1617207;1618041-1618055,+;-,2.3e-06;4.87e-06,CAGGGGCAGAGGGCA;TTGGAACAAAGTTCA,15;15
65264,46980730-46990730,chr17,1,46981038-46981052,-,1.8e-06,GGTGGTCAAAGGTCA,15
443,3372403-3384295,chr17,2,3377667-3377681;3379242-3379256,+;+,7.86e-07;1.62e-06,CTAGGGCAAAGGACA;ATATGGCAAAGGGCA,15;15
201176,43498012-43515282,chr17,1,43506042-43506056,+,6.09e-06,GAGGATCAGAGGTCA,15
4669,40682950-40692950,chr17,1,40687402-40687416,-,8.93e-06,CAAGATAAAAGGTCA,15
6720,17735325-17745325,chr17,2,17738004-17738018;17742807-17742821,-;+,6.62e-06;7.12e-06,CTGGGCCAGAGGTCT;TTAGGGGAAAGGGAA,15;15
643664,7379720-7389720,chr17,1,7389717-7389731,+,1.8e-06,CTGGGAGAAAGTTCA,4
23135,7738234-7748234,chr17,1,7747319-7747333,+,5.23e-06,GTGGGACAAGGGTGA,15
23164,16941073-16951073,chr17,1,16946440-16946454,+,3e-06,CTGGGACAAAGGGAA,15
9501,197633-207633,chr17,1,200666-200680,-,2.72e-06,CTGGGCCAGAGTTCA,15
3866,39670270-39680270,chr17,1,39677657-39677671,-,3.79e-06,AGTGGGCAAAGGTCA,15
84690,3370041-3380142,chr17,2,3377667-3377681;3379242-3379256,+;+,7.86e-07;1.62e-06,CTAGGGCAAAGGACA;ATATGGCAAAGGGCA,15;15
23265,74094868-74104868,chr17,1,74099411-74099425,-,1.27e-06,CTGGGGGAGAGGGCA,15
23277,2609927-2619927,chr17,1,2615079-2615093,-,4.13e-06,CGGGGTCAAAGGCCA,15
782,37348956-37358956,chr17,1,37354643-37354657,-,5.6e-09,CTAGGTCAAAGGTCA,15
6945,40714077-40724077,chr17,1,40720061-40720075,+,4.13e-06,GAAGGGAAGAGGTCA,15
4927,5318059-5328059,chr17,1,5326202-5326216,-,1.27e-06,TTGGAGGAAAGGTCA,15
9043,49193226-49203226,chr17,1,49196000-49196014,-,2.53e-06,ATAGAACAGAGGTCA,15
9058,26795663-26805663,chr17,1,26798175-26798189,+,6.09e-06,GTGGGGCAAAAGGGA,15
727910,1608662-1618662,chr17,2,1617193-1617207;1618041-1618055,+;-,2.3e-06;4.87e-06,CAGGGGCAGAGGGCA;TTGGAACAAAGTTCA,15;15
80774,61772519-61782519,chr17,2,61774027-61774041;61774736-61774750,+;+,4.87e-06;7.74e-06,GCAGGGCAGGGGTCA;CCAGGTCAAAGGGCT,15;15
254863,7302450-7312450,chr17,1,7303250-7303264,+,5.67e-06,TGAGGGCAAAGGGGA,15
9121,73078821-73089035,chr17,1,73085270-73085284,+,1.04e-06,CTGGGGCAGAGGCCA,15
642843,71253019-71263019,chr17,1,71257912-71257926,+,6.62e-06,CGAAGGCAAAGGTGA,15
990,38439145-38449145,chr17,1,38443610-38443624,-,7.12e-06,CAAGGTTAGAGGTCA,15
23531,53494341-53504341,chr17,1,53498134-53498148,-,1.13e-06,GTGGGTGAAAGTTCA,15
7153,38569202-38579202,chr17,1,38576244-38576258,-,7.74e-06,GGGAGCCAAAGGTCA,15
10672,63047920-63057920,chr17,1,63054359-63054373,+,7.12e-06,GGAGGTAAGAGGTCA,15
57513,73500958-73516627,chr17,1,73511809-73511823,+,4.87e-06,CGGGGGCAGAGGTGA,15
11276,35964486-35974486,chr17,1,35968599-35968613,+,9.57e-06,ATGTGGCAGAGGGCA,15
3090,1953392-1964603,chr17,2,1957475-1957489;1958041-1958055,-;-,5.23e-06;2.3e-06,CTGGGAGAAAGGGGA;GTGGGGGAGAGGTTA,15;15
284067,41852802-41862802,chr17,1,41855512-41855526,+,1.51e-06,GGGGGTGAAAGGTCA,15
5216,4847381-4857381,chr17,1,4853217-4853231,-,5.67e-06,GTGGGCCAGGGGTCA,15
92579,42143097-42153097,chr17,1,42143404-42143418,-,3.79e-06,GTAGGGCAAAGGTAT,15
3214,46650743-46660743,chr17,1,46659943-46659957,-,6.09e-06,CTGGGAGAGAGGTGA,15
768206,74531120-74541120,chr17,2,74536768-74536782;74540771-74540785,-;+,5.67e-06;9.57e-06,TTAGGGCAAGGGCCA;GAGGGCCAGAGGGCA,15;15
5338,4705395-4715395,chr17,2,4714385-4714399;4714465-4714479,-;-,7.12e-06;9.57e-06,AGATGTCAAAGGTCA;AGAGGTCAAGGGTCA,15;15
1277,48274000-48284000,chr17,1,48282995-48283009,+,2.3e-06,CAAGGTCAGAGGGCA,15
5376,15159093-15173644,chr17,1,15164449-15164463,+,3.23e-06,GAAGGTGAGAGGTCA,15
146691,17870784-17880784,chr17,1,17876163-17876177,-,7.12e-06,CTGGGTGAAAGTTGA,15
79154,34943225-34953225,chr17,1,34948664-34948678,-,9.57e-06,CTAGAGCAAAGGGCC,15
5430,7382697-7392697,chr17,1,7389717-7389731,+,1.8e-06,CTGGGAGAAAGTTCA,15
6368,34340005-34350005,chr17,1,34345041-34345055,+,1.13e-06,ACAGGGCAGAGGTCA,15
283989,73507608-73517608,chr17,1,73511809-73511823,+,4.87e-06,CGGGGGCAGAGGTGA,15
283991,74256285-74266285,chr17,1,74264598-74264612,+,8.93e-06,GGAGGGGAAAGGTCT,15
100885850,41127020-41137545,chr17,1,41133410-41133424,-,5.67e-06,GTGAGGGAAAGGTGA,15
3430,41153741-41163741,chr17,1,41162927-41162941,-,6.62e-06,ATAGAGCAGAGTTCA,15
84268,5317960-5327960,chr17,1,5326202-5326216,-,1.27e-06,TTGGAGGAAAGGTCA,15
643008,73624513-73634513,chr17,1,73630008-73630022,+,4.87e-06,TCAGGGCAGAGGTGA,15
9618,27066022-27076022,chr17,1,27073773-27073787,-,4.16e-08,CCAGGGCAAAGGTCA,15
1468,79674265-79684265,chr17,1,79680885-79680899,-,4.87e-06,CCAGGCCAGAGGGCA,15
5573,66502920-66516534,chr17,1,66509187-66509201,-,6.62e-06,TTGGGGGAAAGATCA,15
146923,41127581-41137581,chr17,1,41133410-41133424,-,5.67e-06,GTGAGGGAAAGGTGA,15
10493,41169459-41179459,chr17,1,41176995-41177009,-,3.79e-06,GCAGGTCAGAGTTCA,15
83450,17871126-17881126,chr17,1,17876163-17876177,-,7.12e-06,CTGGGTGAAAGTTGA,15
7706,54986409-54996409,chr17,1,54993246-54993260,-,6.09e-06,ATAGGTCAGAGGGGA,15
5709,38132020-38142020,chr17,1,38137727-38137741,-,6.09e-06,ATAGGTCAGAGGGGA,15
3690,45326207-45336207,chr17,2,45329789-45329803;45335212-45335226,-;+,7.86e-07;4.87e-06,CTGGAGCAAAGTTCA;TTGGGGCAAGGGTGA,15;15
81565,8334169-8344169,chr17,1,8334169-8334183,+,7.12e-06,CTGGGGCAAAGGTTG,15
124599,72522613-72532613,chr17,1,72529310-72529324,-,5.23e-06,GTGGGAGAAAGGGGA,15
9931,65236319-65246319,chr17,1,65240668-65240682,+,8.93e-06,GTGGGCCAAAGAGCA,15
1742,7115928-7128369,chr17,2,7123634-7123648;7123672-7123686,+;+,1.37e-07;2.18e-08,GTAGGGGAAAGGGCA;CTAGGGGAAAGGTCA,15;15
1747,48067588-48077588,chr17,1,48075550-48075564,+,6.62e-06,GAGGGAGAAAGGGCA,15
9953,14199505-14209505,chr17,1,14200796-14200810,-,8.93e-06,GCGGAGCAGAGGGCA,15
23510,73038278-73048278,chr17,1,73043241-73043255,-,1.8e-06,GTGGGGCAGAGGGGA,15
5914,38460422-38479472,chr17,1,38474089-38474103,+,9.57e-06,CTAGGGCAGGAGTCA,15
79651,74492509-74502509,chr17,1,74494668-74494682,+,3.52e-06,CTGGGGCAGAGTTTA,15
1845,41851368-41861368,chr17,2,41852451-41852465;41855512-41855526,-;+,9.57e-06;1.51e-06,TGAGGGAAGAGGTCA;GGGGGTGAAAGGTCA,15;15
6668,45968515-45978515,chr17,1,45972684-45972698,+,1.04e-06,GTGGGGCAGAGGCCA,15
10052,42902607-42913179,chr17,1,42906780-42906794,+,1.37e-06,GTGGGGGAAAAGTCA,15
3927,37021111-37031111,chr17,2,37024668-37024682;37027901-37027915,-;-,6.59e-08;1.95e-06,CTGGGTCAAAGGGCA;AGAGGCCAAAGGTCA,15;15
124801,42139987-42149987,chr17,1,42143404-42143418,-,3.79e-06,GTAGGGCAAAGGTAT,15
255877,6921368-6931368,chr17,1,6926007-6926021,-,4.87e-06,GCAGGACAAAGTGCA,15
94103,38078884-38088884,chr17,1,38083206-38083220,-,4.45e-06,CTGGGCCAAAGTTGA,15
8153,41172257-41182257,chr17,1,41176995-41177009,-,3.79e-06,GCAGGTCAGAGTTCA,15
2027,4849383-4859383,chr17,1,4853217-4853231,-,5.67e-06,GTGGGCCAGGGGTCA,15
55288,30464472-30474472,chr17,1,30468546-30468560,+,7.74e-06,CTAGGAGAAAGGGAA,15
51195,38329241-38339241,chr17,1,38333551-38333565,-,4.13e-06,TAAGGGCAAAGGTAA,15
6143,37351535-37361535,chr17,1,37354643-37354657,-,5.6e-09,CTAGGTCAAAGGTCA,15
9218,9908954-9918954,chr18,1,9913820-9913834,-,6.09e-06,GCGGGGCAAAGGTCC,15
51046,55014720-55024720,chr18,1,55021238-55021252,-,9.57e-06,TTTGGAGAAAGGGCA,15
5271,61632262-61642262,chr18,1,61639125-61639139,-,8.28e-06,GGAAGACAAAGGGCA,15
54941,29593444-29603444,chr18,2,29598326-29598340;29599433-29599447,+;-,5.23e-06;4.45e-06,ATAGGTCATAGGTCA;CTGGGGCAGAGGGAA,15;15
23327,55706609-55719457,chr18,1,55714117-55714131,-,6.62e-06,GTAGGAGAAAGTTGA,15
10449,47335251-47345251,chr18,1,47339967-47339981,-,2.6e-07,GTAGGTGAAAGGGCA,15
84203,9880722-9890722,chr18,1,9889463-9889477,-,4.87e-06,GTGGGGGAAGGGGCA,15
4864,21161581-21171581,chr18,1,21163522-21163536,+,5.87e-07,GGAGGTCAAAGGGCA,15
9480,55097916-55107916,chr18,1,55102255-55102269,-,4.87e-06,CTGGGGGAAGGGGCA,15
1830,29022731-29032731,chr18,1,29031687-29031701,+,6.09e-06,CTTGGGCAGAAGTCA,15
23335,54313615-54323615,chr18,1,54318881-54318895,+,1.13e-06,AGGGGTCAAAGGTCA,15
7525,807327-817327,chr18,1,813368-813382,-,4.13e-06,ATAGGGCAAAAGTGA,15
1000,25752445-25762445,chr18,1,25753250-25753264,-,2.14e-06,ATAGGTGAAAGGTTA,15
57724,43542305-43552305,chr18,1,43547139-43547153,-,9.57e-06,CTAAAACAAAGGTGA,15
9097,153482-163482,chr18,1,154330-154344,+,4.13e-06,GGAAGGCAGAGGTCA,15
55205,56525060-56535060,chr18,1,56530908-56530922,+,9.57e-06,GCTGAACAAAGGTCA,15
55748,72158499-72171822,chr18,1,72168884-72168898,+,5.23e-06,TTGGGGCAAAGGTTT,15
6093,18686812-18696812,chr18,1,18692880-18692894,+,7.12e-06,GTGAGTCAGAGGTTA,15
103910,3257110-3267716,chr18,1,3261751-3261765,+,7.26e-07,CTGGGTCAAAGGGGA,15
4089,48551582-48561582,chr18,1,48554703-48554717,+,8.75e-07,GTATGGCAAAGGTGA,15
4092,46464177-46482081,chr18,1,46475199-46475213,-,4.87e-06,CGGGGGCAGAGGTGA,15
57418,979327-989327,chr19,1,980671-980685,-,1.8e-06,TGAGGTCAGAGGTCA,15
160,50265179-50275179,chr19,1,50269049-50269063,-,6.62e-06,TTGGGACAAAGGGAA,15
147710,45111939-45121939,chr19,1,45119109-45119123,+,8.93e-06,GGAGGGCAGAGGGGA,15
90378,14196232-14206232,chr19,2,14202310-14202324;14202756-14202770,+;+,2.53e-06;2.53e-06,TGGGGTCAAAGGGCA;GTGGGGGAGAGGTGA,15;15
57664,49366884-49376884,chr19,1,49371967-49371981,-,3.52e-06,CTGAGCCAGAGGTCA,15
341,45412920-45422920,chr19,1,45417367-45417381,-,3e-06,TTAGGTCAGGGGTCA,15
57731,40968125-40978125,chr19,1,40971666-40971680,-,4.87e-06,GTAGGGCAGAGAGCA,15
8625,19298007-19308007,chr19,1,19303484-19303498,+,5.67e-06,GCAGGGTAAAGGTGA,15
66002,15778827-15788827,chr19,1,15784322-15784336,-,6.62e-06,GCAGGGCAGAGGGGA,15
8677,13256188-13266188,chr19,1,13262261-13262275,+,1.27e-06,GTGGGGCAGGGGTCA,15
513,1236748-1246748,chr19,1,1244719-1244733,-,6.62e-06,GCAGGGCAGAGGGGA,15
8740,6665599-6675599,chr19,1,6675269-6675283,+,7.74e-06,GCAGGTGAGAGGGCA,15
8775,48013515-48023515,chr19,1,48014636-48014650,-,3.23e-07,TTAGGGCAGAGGGCA,15
645,40966725-40976725,chr19,1,40971666-40971680,-,4.87e-06,GTAGGGCAGAGAGCA,15
148137,36244043-36254043,chr19,1,36247000-36247014,-,7.74e-06,GCGGGGGAGAGGGCA,15
682,566276-577453,chr19,1,573170-573184,-,7.74e-06,CCAGGCCAAAGGGGA,15
148170,54979422-54989422,chr19,1,54980658-54980672,+,8.75e-07,GTGGGTCAGAGGTGA,15
8907,16303664-16313664,chr19,1,16308190-16308204,+,8.28e-06,TTGGGTCAAGGTTCA,15
828,5909192-5919192,chr19,1,5915511-5915525,+,2.53e-06,GTGGGACAAAGGTCC,15
9040,59065343-59075343,chr19,1,59069531-59069545,-,7.12e-06,GAGGGTCAGAGGTGA,15
729991,19298400-19308400,chr19,1,19303484-19303498,+,5.67e-06,GCAGGGTAAAGGTGA,15
973,42376189-42386189,chr19,1,42381005-42381019,+,3.23e-06,CAGGGGGAGAGGTCA,15
997,526732-536732,chr19,2,530852-530866;533121-533135,+;-,7.55e-09;6.09e-06,GTAGGACAAAGGTCA;AGAAGTCAAAGGTCA,15;15
1032,10674631-10684655,chr19,1,10679985-10679999,+,2.14e-06,CAGGGAGAAAGGTCA,15
353355,44759032-44769066,chr19,1,44765267-44765281,-,8.93e-06,GTGGCACAAAGGTCA,15
58492,2939969-2949969,chr19,1,2943446-2943460,-,6.09e-06,GGGGGCCAAAGTTCA,15
91300,908225-918225,chr19,1,909721-909735,+,9.57e-06,GGGAGGCAAAGGTTA,15
9424,38805483-38815483,chr19,1,38806413-38806427,-,4.85e-07,GCAGGTCAGAGGTCA,15
115948,11540980-11550980,chr19,1,11546507-11546521,-,7.26e-07,CCGGAGCAAAGGTCA,15
9518,18491967-18501967,chr19,1,18501582-18501596,-,8.93e-06,GGAGAGGAAAGGGCA,15
9592,13256281-13266281,chr19,1,13262261-13262275,+,1.27e-06,GTGGGGCAGGGGTCA,15
26065,34658351-34668351,chr19,1,34664385-34664399,-,1.37e-07,CTGGATCAAAGGTCA,15
9745,30858327-30868327,chr19,1,30862394-30862408,+,3.23e-06,TTGGGCCAAAAGTCA,15
83483,17483137-17493137,chr19,1,17490218-17490232,-,5.87e-07,AAAGGTCAAAGGTCA,15
9817,10608481-10619054,chr19,1,10609384-10609398,-,1.95e-06,GTGGGGCAGAGTGCA,15
83546,12936230-12951242,chr19,1,12947334-12947348,-,3e-06,CGGGGCCAAAGGGCA,15
729359,4512716-4522716,chr19,1,4517058-4517072,+,6.09e-06,GTGGAGCAGAAGTCA,15
1628,49135639-49145639,chr19,1,49136787-49136801,+,5.23e-06,GAGGGTCAAAGGTCT,15
255783,47773141-47783141,chr19,1,47779773-47779787,-,4.87e-06,GTGGGGTAAAGGGGA,15
91978,502496-512496,chr19,1,507413-507427,-,3.23e-06,TAAGGGCAGAGGGCA,15
1891,39317497-39327497,chr19,1,39320880-39320894,+,9.57e-06,CTGAAGAAAAGGTCA,15
51073,10357639-10367639,chr19,2,10363186-10363200;10363199-10363213,-;-,9.57e-06;7.12e-06,TAGGGTCAAGGGTCA;GGGGGTCAGAGGTTA,15;15
26517,2422875-2432875,chr19,1,2428058-2428072,-,2.72e-06,CAAGGAAAAAGGTCA,15
59286,9933555-9943567,chr19,1,9938345-9938359,-,9.57e-06,GAGAGTCAGAGGTCA,15
51129,8424010-8434010,chr19,3,8432281-8432295;8432380-8432394;8432469-8432483,+;+;-,1.04e-06;1.27e-06;3.52e-06,GTAGGAGAAAGTTCA;GTAGGGGAAAGGGGA;GTAGGGGAAAGGTCG,15;15;15
51171,49334934-49344934,chr19,1,49339225-49339239,+,1.51e-06,ATAGGACAGAGGGCA,15
10212,14525195-14535195,chr19,1,14530707-14530721,-,8.28e-06,GTTGAGCAAAAGTCA,15
2057,11490018-11500018,chr19,1,11494765-11494779,-,9.57e-06,CGAGAGCAAAGGTAA,15
2063,17351151-17361151,chr19,2,17357026-17357040;17357794-17357808,-;-,1.37e-06;8.75e-07,GAAGGGCAGAGGGCA;CGAGGTGAAAGGTCA,15;15
10272,671388-681388,chr19,2,675655-675669;676451-676465,+;-,2.72e-06;4.13e-06,CCAGGACAAAGGCCA;CCAGGGCAGAGGCCA,15;15
10298,39611419-39621419,chr19,1,39616647-39616661,+,2.6e-07,CGGGGTCAAAGGTCA,15
2109,51864672-51874672,chr19,1,51869859-51869873,+,3.52e-06,CTAGGGGAAAGGTCG,15
10362,3567942-3577942,chr19,1,3568885-3568899,+,6.62e-06,TTTGGAAAAAGGTCA,15
84106,8562538-8572538,chr19,1,8571428-8571442,+,9.57e-06,GTAGGGGAGAGGTCC,15
51341,4061816-4071816,chr19,1,4069580-4069594,-,3.46e-07,GAAGGGCAGAGGTCA,15
2208,7759365-7772032,chr19,2,7770823-7770837;7770979-7770993,+;-,7.74e-06;9.57e-06,CTAGGTCAGAATTCA;GCAGAGCAGAGGTTA,15;15
2217,50010535-50021435,chr19,1,50019224-50019238,+,2.81e-07,GTAGGGCAGAGTTCA,15
10452,45389476-45399476,chr19,3,45394635-45394649;45394642-45394656;45394649-45394663,-;-;-,1.62e-06;8.28e-06;1.71e-07,AGAGGGCAGAGGTCA;AGAGGTCAGAGGGCA;CTAGGGGAGAGGTCA,15;15;15
84266,6367443-6377443,chr19,1,6372308-6372322,-,3.79e-06,TATGGTCAAAGGTCA,15
51599,35734558-35744558,chr19,1,35739740-35739754,-,8.28e-06,CGTGGACAAAGGGCA,15
27036,51640557-51650557,chr19,1,51642934-51642948,+,9.57e-06,GTTGGATAAAGGGCA,15
2527,5865551-5875551,chr19,1,5871153-5871167,+,4.45e-06,GTAGAACAGAGGTGA,15
10755,14601961-14611961,chr19,1,14608446-14608460,-,4.87e-06,GGATGGCAGAGGTCA,15
10781,9541254-9551254,chr19,1,9541297-9541311,-,3.52e-06,GTAAGCCAAAGGTGA,15
10794,57786852-57796852,chr19,1,57789975-57789989,+,9.57e-06,GAAGACCAGAGGTCA,15
27231,3928100-3938100,chr19,1,3931312-3931326,+,2.53e-06,CTGGGCCAGAGGTGA,15
92840,1486164-1496164,chr19,2,1492901-1492915;1493455-1493469,-;-,3.97e-07;1.8e-06,GGAGGGCAGAGGTCA;CTGGACCAAAGGGCA,15;15
84658,14780730-14790730,chr19,1,14783052-14783066,+,4.87e-06,TTTGGGCAAAGGTCT,15
84699,4148597-4158597,chr19,1,4153404-4153418,+,1.64e-08,GTAGGGCAGAGGTCA,15
2828,46100466-46110466,chr19,1,46101613-46101627,-,3.97e-07,GTGGGGCAAAGGGGA,15
57817,35768409-35778409,chr19,1,35771168-35771182,-,9.57e-06,CAGGGGCAGGGGTCA,15
117579,14134016-14144016,chr19,1,14134606-14134620,-,6.62e-06,CGGAGGCAGAGGTCA,15
125875,51867257-51877257,chr19,1,51869859-51869873,+,3.52e-06,CTAGGGGAAAGGTCG,15
84939,1349975-1359975,chr19,1,1356241-1356255,-,1.04e-06,CAGGGGCAAAGGTTA,15
84954,4338523-4348523,chr19,1,4338735-4338749,+,8.93e-06,TCAGGGCAGAGGCCA,15
60385,50261515-50271515,chr19,1,50269049-50269063,-,6.62e-06,TTGGGACAAAGGGAA,15
125988,5675911-5685911,chr19,1,5681141-5681155,-,7.74e-06,GTAGGGCACGGGTCA,15
148014,40719306-40729306,chr19,1,40723067-40723081,-,3.52e-06,GCGGGGCAGAGGTGA,15
148022,4826754-4836754,chr19,1,4829482-4829496,+,4.87e-06,CTGGGACAAAGTCCA,15
126298,44095287-44105287,chr19,1,44100995-44101009,+,8.93e-06,GCAGGTCATAGGTCA,15
53822,35629153-35639153,chr19,1,35630360-35630374,-,1.04e-06,CTGTGGGAAAGGTCA,15
126393,36242930-36252930,chr19,1,36247000-36247014,-,7.74e-06,GCGGGGGAGAGGGCA,15
3718,17953841-17963841,chr19,1,17958652-17958666,-,6.09e-06,CCAGGGCAAAGGCTA,15
3726,12897309-12907309,chr19,1,12899508-12899522,-,4.87e-06,GCAGGCCAGAGGGCA,15
3783,44280409-44290409,chr19,1,44289554-44289568,+,6.09e-06,GAAAGTCAGAGGTCA,15
3991,42926578-42936578,chr19,1,42927567-42927581,-,3.23e-06,CAAGGCCAAAGGTGA,15
4051,15746706-15756706,chr19,2,15752979-15752993;15753003-15753017,-;-,1.37e-06;2.53e-06,GGAGGAGAAAGGTCA;CTAAGTCAGAGGGCA,15;15
4059,45307315-45317315,chr19,2,45317020-45317034;45317057-45317071,-;-,1.8e-06;7.26e-07,TGAGGTCAGAGGTCA;GGAGGTCAGAGGTCA,15;15
4207,19298400-19308400,chr19,1,19303484-19303498,+,5.67e-06,GCAGGGTAAAGGTGA,15
126375,35449953-35459953,chr19,2,35451710-35451724;35453583-35453597,+;+,2.53e-06;9.57e-06,CTTGGGCAAAGGGGA;CTGGGGCAGAGTTCT,15;15
4616,2471122-2481122,chr19,1,2479094-2479108,-,6.62e-06,GCAGGGCAGAGGGGA,15
4670,8504802-8514802,chr19,1,8509546-8509560,-,8.93e-06,CTGGAGCAGAGGGGA,15
4701,8381280-8391280,chr19,1,8386638-8386652,-,3.52e-06,GCAGGGTAGAGGTCA,15
644096,36481089-36491089,chr19,1,36486097-36486111,-,5.67e-06,AAAGGCCAAAGGGCA,15
29888,47244720-47254720,chr19,1,47251189-47251203,-,8.28e-06,GCAAGAGAAAGGTCA,15
29911,12881434-12891434,chr19,1,12885892-12885906,-,3e-06,GTTGGGCAGAGGTGA,15
5348,35624731-35635391,chr19,1,35630360-35630374,-,1.04e-06,CTGTGGGAAAGGTCA,15
29946,40943505-40955282,chr19,1,40950242-40950256,-,4.87e-06,GTGGGCCAGAGGCCA,15
79147,47244302-47254302,chr19,1,47251189-47251203,-,8.28e-06,GCAAGAGAAAGGTCA,15
5434,1090391-1100391,chr19,2,1098139-1098153;1098823-1098837,+;+,4.13e-06;4.13e-06,GGGGGTCAGAGGGCA;ATAGGATAAAGGGCA,15;15
79165,54658446-54668446,chr19,1,54665998-54666012,+,9.57e-06,CCAGGACAGAGGCCA,15
5442,628568-638568,chr19,2,633228-633242;633330-633344,+;+,7.12e-06;5.67e-06,ACGAGTCAAAGGTCA;AAGAGGCAAAGGTCA,15;15
79177,44095543-44105737,chr19,1,44100995-44101009,+,8.93e-06,GCAGGTCATAGGTCA,15
5589,11541268-11551268,chr19,1,11546507-11546521,-,7.26e-07,CCGGAGCAAAGGTCA,15
54760,1485407-1495407,chr19,2,1492901-1492915;1493455-1493469,-;-,3.97e-07;1.8e-06,GGAGGGCAGAGGTCA;CTGGACCAAAGGGCA,15;15
5623,6370860-6380860,chr19,1,6372308-6372322,-,3.79e-06,TATGGTCAAAGGTCA,15
374291,1378882-1388882,chr19,1,1383641-1383655,-,1.62e-06,GGAGGGCAAAAGTCA,15
5714,38860189-38870189,chr19,1,38865178-38865192,+,5.23e-06,TTAGGGCAAAAGCCA,15
284325,41250828-41260828,chr19,1,41256192-41256206,+,3e-06,TTGAGTCAGAGGTCA,15
5817,45142097-45152097,chr19,1,45144008-45144022,-,1.27e-06,CTGGGCCAAAGGCCA,15
5819,45344392-45354392,chr19,1,45349151-45349165,+,2.72e-06,GTGGGACAGAGGCCA,15
80164,7934326-7944326,chr19,1,7935633-7935647,+,9.57e-06,GAGGGGGAGAGGGCA,15
284390,12070868-12080868,chr19,1,12075861-12075875,-,1.8e-06,CAAGGACAAAGGTGA,15
284439,19169802-19179802,chr19,2,19172468-19172482;19174473-19174487,-;-,6.59e-08;6.62e-06,CTAAGGCAAAGGTCA;GTGGGGCAGAGGCGA,15;15
5990,6105664-6115664,chr19,2,6108763-6108777;6113930-6113944,-;+,6.62e-06;6.62e-06,GGAGGGGAGAGGGCA;GTAGGGAAGAAGTCA,15;15
79760,45577517-45587529,chr19,1,45579287-45579301,+,4.87e-06,GAGGGTCAAAGGTAA,15
79784,50701884-50711884,chr19,1,50708524-50708538,-,6.62e-06,GGAGGGCAAAGGTCG,15
79852,15338231-15348858,chr19,1,15345092-15345106,+,5.67e-06,GTAGGGAAAAAGGCA,15
6234,8381383-8391383,chr19,1,8386638-8386652,-,3.52e-06,GCAGGGTAGAGGTCA,15
374875,5675775-5685775,chr19,1,5681141-5681155,-,7.74e-06,GTAGGGCACGGGTCA,15
374907,41929635-41939635,chr19,2,41934029-41934043;41937952-41937966,+;-,8.93e-06;5.67e-06,GGAGGGCAGAGGGGA;CTTGGCTAAAGGTCA,15;15
55663,58982794-58992794,chr19,1,58987418-58987432,+,2.72e-06,GTAGTTCAAAGGGCA,15
55620,4333847-4343847,chr19,1,4338735-4338749,+,8.93e-06,TCAGGGCAGAGGCCA,15
6510,47283134-47296842,chr19,1,47289958-47289972,+,6.62e-06,GCGGGGCAGAGGCCA,15
6528,17977781-17987781,chr19,1,17981234-17981248,+,6.09e-06,CCAGGGCAGAGGGTA,15
55702,4242110-4252110,chr19,1,4247729-4247743,-,2.72e-06,GTAAGGCAGAGGTTA,15
22983,12944258-12954258,chr19,1,12947334-12947348,-,3e-06,CGGGGCCAAAGGGCA,15
6626,41251758-41261758,chr19,1,41256192-41256206,+,3e-06,TTGAGTCAGAGGTCA,15
23025,17794008-17804008,chr19,1,17797287-17797301,+,3.23e-06,CAGGGGGAGAGGTCA,15
23152,42783816-42793816,chr19,1,42787632-42787646,+,3.79e-06,GTAAGACAGAGGGCA,15
6794,1200797-1210797,chr19,1,1205310-1205324,-,3e-06,CGAGGTCAAGGGTCA,15
90522,38795509-38811606,chr19,1,38806413-38806427,-,4.85e-07,GCAGGTCAGAGGTCA,15
80726,18380319-18390319,chr19,1,18385375-18385389,+,7.86e-07,CAGGGCCAAAGGTCA,15
64344,46795302-46811855,chr19,1,46806679-46806693,+,8.28e-06,TGAGGGAAAAGGGCA,15
7040,41854831-41864831,chr19,1,41858466-41858480,-,7.12e-06,CCGGGGCAAAGGGAA,15
342918,51147701-51157701,chr19,1,51149926-51149940,+,6.62e-06,CTGGAGGAGAGGGCA,15
100293516,58336661-58346661,chr19,1,58341507-58341521,-,4.13e-06,GGAGGGTAAAGGGCA,15
342977,13983062-13993062,chr19,2,13984001-13984015;13992291-13992305,+;-,8.28e-06;8.28e-06,CTGGGGAACAGGTCA;CAAGGGCAGAGGGGA,15;15
23526,1060921-1072164,chr19,1,1068279-1068293,-,6.62e-06,AAAGGCCAGAGGTCA,15
56301,33711756-33721756,chr19,1,33718501-33718515,+,5.67e-06,GTGGGGGAAAGGTCG,15
7171,16173316-16192134,chr19,1,16182663-16182677,-,8.93e-06,TGGGGTCAAAGGCCA,15
23645,49370648-49380648,chr19,1,49371967-49371981,-,3.52e-06,CTGAGCCAGAGGTCA,15
162979,45574688-45584688,chr19,1,45579287-45579301,+,4.87e-06,GAGGGTCAAAGGTAA,15
7408,46005687-46015687,chr19,1,46012367-46012381,-,6.62e-06,CGATGTCAAAGGGCA,15
64857,39898749-39908749,chr19,1,39907362-39907376,-,3.52e-06,GTGAGGGAGAGGTCA,15
163175,35621178-35631178,chr19,1,35630360-35630374,-,1.04e-06,CTGTGGGAAAGGTCA,15
7620,11993669-12003669,chr19,1,11998636-11998650,-,3e-06,CAGGGACAAAGGTGA,15
7644,23573269-23583269,chr19,1,23575767-23575781,-,9.57e-06,CTGGGGCATAGTTCA,15
7693,58120829-58130829,chr19,1,58125450-58125464,-,8.93e-06,GCTGGGCAAAGGCCA,15
56848,49117547-49133208,chr19,1,49130732-49130746,+,3.79e-06,TGGGGACAAAGGGCA,15
65095,10671702-10681702,chr19,1,10679985-10679999,+,2.14e-06,CAGGGAGAAAGGTCA,15
100125288,10415233-10425233,chr19,2,10416163-10416177;10416170-10416184,+;+,4.13e-06;2.3e-06,AAGGGTCAGAGGTCA;AGAGGTCAAAGGGCA,15;15
27243,59061355-59071486,chr19,1,59069531-59069545,-,7.12e-06,GAGGGTCAGAGGTGA,15
81576,13853752-13863752,chr19,1,13858948-13858962,-,5.67e-06,TTGGGTCAGAGGTCT,15
65251,52403305-52413305,chr19,1,52409252-52409266,-,3.79e-06,CTGGGGCAGAGGTCC,15
57130,19769503-19779503,chr19,1,19772962-19772976,+,6.09e-06,GCAGGTCAAAAGGCA,15
90007,1243551-1253551,chr19,1,1244719-1244733,-,6.62e-06,GCAGGGCAGAGGGGA,15
10287,62705845-62716324,chr20,1,62713860-62713874,-,6.38e-07,GAGGGGCAGAGGTCA,15
284756,58625979-58635979,chr20,1,58629787-58629801,-,3.52e-06,GGGGAGCAAAGGGCA,15
57473,62596223-62606223,chr20,2,62600399-62600413;62603952-62603966,+;-,1.8e-06;8.93e-06,TGAGGTCAGAGGTCA;GGGTGGGAAAGGTCA,15;15
51340,20031690-20041690,chr20,1,20033119-20033133,-,6.38e-07,AGAGGTCAAAGGTCA,15
146,4224659-4234659,chr20,1,4225702-4225716,+,3.52e-06,AAGGAGCAAAGGTCA,15
57506,3822445-3832445,chr20,1,3824293-3824307,-,2.53e-06,GGAGAGCAGAGGTCA,15
5834,25223705-25233705,chr20,1,25232913-25232927,-,5.23e-06,CAAGGGCAGAGGCCA,15
191,32886215-32904608,chr20,1,32898342-32898356,-,5.87e-07,CTTGGTCAAAGGGCA,15
22903,11866476-11876476,chr20,1,11874965-11874979,+,4.85e-07,CTGGGGCAGAGGTGA,15
24148,62607430-62617430,chr20,2,62611212-62611226;62611455-62611469,+;+,9.57e-06;6.09e-06,CCAGGACAAGGGGCA;ATGGGGCAGAGGGGA,15;15
79913,37372096-37382096,chr20,1,37376883-37376897,+,5.23e-06,TTGGGGGAGAGGTTA,15
55544,55961453-55971453,chr20,1,55965094-55965108,+,2.72e-06,AGAGGTCAGAGGTCA,15
2778,57423035-57433035,chr20,1,57431340-57431354,+,7.12e-06,ATGGGGGAAAGGGGA,15
6431,42081503-42091503,chr20,1,42087875-42087889,-,6.38e-07,ATAGGGCAAGGGTCA,15
26013,42131319-42148075,chr20,1,42145223-42145237,+,1.62e-06,ATGGAGCAGAGGTCA,15
27111,1301513-1314879,chr20,1,1306492-1306506,-,1.95e-06,CTGGGTCAGAAGTCA,15
10732,61488115-61498115,chr20,1,61494153-61494167,-,3.79e-06,GTGGGTGAGAGGTTA,15
6640,32026698-32036698,chr20,1,32031498-32031512,+,1.04e-06,CCAGGGCAGAGGGCA,15
27131,17944154-17954490,chr20,2,17946552-17946566;17951784-17951798,+;-,4.87e-06;2.14e-06,ATTGGTCAAAGTTCA;CTATGGCAAGGGTCA,15;15
6714,35968087-35979556,chr20,1,35968929-35968943,-,1.51e-06,GGAGGGCAGAGGGCA,15
6725,62173857-62183857,chr20,1,62174139-62174153,-,6.09e-06,CTGGGGCAAAGGTGC,15
8813,49570060-49580060,chr20,1,49575274-49575288,-,7.12e-06,CTTGGGAAAAGGTGA,15
27304,49570350-49580350,chr20,1,49575274-49575288,-,7.12e-06,CTTGGGAAAAGGTGA,15
10953,43584114-43594114,chr20,1,43587980-43587994,+,4.87e-06,TTTGGGCAAAGGTCT,15
4821,21489664-21499664,chr20,1,21495782-21495796,+,1.8e-06,GTGGAGGAAAGGGCA,15
6919,62683438-62699009,chr20,1,62696751-62696765,+,6.09e-06,TTAGGGCAGAGGGAA,15
11034,17545598-17555598,chr20,1,17546106-17546120,+,4.87e-06,GTAGGGGAAAAGTTA,15
11047,60873026-60883026,chr20,1,60877442-60877456,-,6.62e-06,GGAGGGCAGGGGTCA,15
11065,44436254-44446671,chr20,1,44441425-44441439,+,6.09e-06,GTGGGCAAAAGGTGA,15
11083,61564304-61574304,chr20,1,61567352-61567366,-,8.28e-06,GTGGGTCACAGGTTA,15
4987,62706470-62721368,chr20,1,62713860-62713874,-,6.38e-07,GAGGGGCAGAGGTCA,15
84905,32314807-32324807,chr20,1,32321659-32321673,+,3.23e-06,TTATGGAAAAGGTCA,15
63905,35913050-35923050,chr20,1,35914282-35914296,+,3e-06,GTAGTGCAAAGGTTA,15
92667,17944761-17954761,chr20,2,17946552-17946566;17951784-17951798,+;-,4.87e-06;2.14e-06,ATTGGTCAAAGTTCA;CTATGGCAAGGGTCA,15;15
171023,30941146-30951146,chr20,1,30946269-30946283,-,1.27e-06,CGGGGTCAGAGGTCA,15
23613,45980474-45990474,chr20,3,45982700-45982714;45988017-45988031;45989894-45989908,-;+;+,7.12e-06;2.14e-06;7.12e-06,TTGGAGGAAAGGTTA;CTGGGGCAAAGAGCA;CTAGTGGAAAGGGCA,15;15;15
58476,33287147-33297147,chr20,1,33296423-33296437,-,9.57e-06,CTGGGGAAGAGGCCA,15
58490,36656947-36666947,chr20,1,36662113-36662127,-,5.87e-07,CGAGGTCAAAGGGCA,15
54453,19862164-19875209,chr20,1,19869749-19869763,+,4.87e-06,CTGGGGGAGAGGCCA,15
60625,37585980-37595980,chr20,1,37590994-37591008,-,7.12e-06,TGGGGTAAAAGGTCA,15
3397,30188085-30198085,chr20,1,30196316-30196330,-,2.14e-06,CTGGGCCAAAGGGGA,15
56731,62366210-62376210,chr20,1,62369509-62369523,-,5.23e-06,TCAGGGCAGAGTTCA,15
140700,62605995-62615995,chr20,2,62611212-62611226;62611455-62611469,+;+,9.57e-06;6.09e-06,CCAGGACAAGGGGCA;ATGGGGCAGAGGGGA,15;15
140701,62487565-62497565,chr20,1,62490296-62490310,-,6.38e-07,GAGGGGCAGAGGTCA,15
9675,36656833-36666833,chr20,1,36662113-36662127,-,5.87e-07,CGAGGTCAAAGGGCA,15
26074,20028157-20042289,chr20,1,20033119-20033133,-,6.38e-07,AGAGGTCAAAGGTCA,15
128486,42934889-42944889,chr20,1,42939048-42939062,+,1.27e-06,CCAGGGGAAAGGGCA,15
1522,57577309-57587309,chr20,1,57582406-57582420,-,6.62e-06,GGAGGGCAGGGGTCA,15
5621,4661796-4672156,chr20,1,4662239-4662253,+,7.12e-06,GTAGGGCAGAGTGGA,15
140809,629014-639014,chr20,1,633057-633071,-,9.57e-06,AGAGGTCAAGGGTCA,15
140831,44481219-44491219,chr20,1,44486393-44486407,-,1.13e-06,AGGGGTCAAAGGTCA,15
140880,23428482-23438482,chr20,1,23432756-23432770,-,5.67e-06,CAGGGGGAAAGTTCA,15
56937,56280031-56291592,chr20,1,56285274-56285288,-,6.62e-06,GTTGGGGAGAGGGCA,15
54923,62362977-62372977,chr20,1,62369509-62369523,-,5.23e-06,TCAGGGCAGAGTTCA,15
54963,62577527-62592800,chr20,1,62589135-62589149,+,6.09e-06,CAAGGACAAAGTGCA,15
54994,61564440-61574440,chr20,1,61567352-61567366,-,8.28e-06,GTGGGTCACAGGTTA,15
10005,44481048-44491048,chr20,1,44486393-44486407,-,1.13e-06,AGGGGTCAAAGGTCA,15
198437,62710712-62720712,chr20,1,62713860-62713874,-,6.38e-07,GAGGGGCAGAGGTCA,15
3911,60937368-60947368,chr20,1,60939447-60939461,+,3.52e-06,GCGGGTCAAGGGTCA,15
3929,36969813-36979813,chr20,1,36974323-36974337,+,4.87e-06,CTGGGTCACAGGGCA,15
10110,42182634-42199736,chr20,1,42187653-42187667,+,6.62e-06,GTGGGTGACAGGTCA,15
55257,61422804-61432804,chr20,1,61425990-61426004,-,7.86e-07,CTGGGAGAAAGGGCA,15
522,27102965-27112965,chr21,1,27107494-27107508,-,7.26e-07,CTAGGGGAAAGGCCA,15
3150,40716047-40726047,chr21,1,40722701-40722715,+,1.51e-06,CTAGGCCAGAGGTGA,15
89766,43478067-43496425,chr21,1,43483994-43484008,-,1.37e-06,GAAGGGCAGAGGGCA,15
140578,19284656-19294656,chr21,1,19294620-19294634,+,5.67e-06,GTTGGCTAAAGGTCA,15
353332,46097078-46107078,chr21,1,46106605-46106619,-,6.09e-06,ATAGGACAAAGGGAA,15
2551,27102257-27112328,chr21,1,27107494-27107508,-,7.26e-07,CTAGGGGAAAGGCCA,15
874,37502262-37512262,chr21,1,37507289-37507303,+,8.28e-06,TTGGAACAGAGGGCA,15
7033,43730706-43740706,chr21,1,43735670-43735684,+,6.62e-06,AAAGGGGAGAGGTCA,15
6647,33026934-33036934,chr21,1,33032788-33032802,-,8.28e-06,CTAGAACAGAGGCCA,15
8218,19274239-19284239,chr22,1,19280727-19280741,-,9.57e-06,TTGGGGTAAAGGGTA,15
83999,29464065-29474065,chr22,1,29468682-29468696,+,6.62e-06,GTGGAGCAGGGGTCA,15
4151,36008384-36024401,chr22,1,36009224-36009238,+,6.09e-06,GATGGTCAGAGGTCA,15
1375,51011506-51022096,chr22,1,51017105-51017119,+,7.31e-08,GTAGGGAAAAGGTCA,15
2192,45893718-45903718,chr22,1,45898455-45898469,-,9.57e-06,CGGGATCAAAGGTTA,15
4248,39848324-39858324,chr22,1,39849910-39849924,+,3.52e-06,CTGGGTGAAAGGGGA,15
162,29779572-29789572,chr22,2,29781433-29781447;29784323-29784337,+;-,7.12e-06;1.27e-06,CTTGGGAAAAGGTGA;CGGGGTCAGAGGTCA,15;15
553158,45093381-45103381,chr22,1,45098650-45098664,+,3.79e-06,CTGGAGGAAAGTTCA,15
284904,30896698-30906698,chr22,2,30900648-30900662;30901407-30901421,+;+,6.09e-06;6.62e-06,CAGAGGCAGAGGTCA;CTGGACCAGAGGGCA,15;15
80115,38501676-38511676,chr22,1,38503867-38503881,+,3.79e-06,CCAGGTCAGAGTTCA,15
4357,37410682-37420790,chr22,1,37415308-37415322,-,1.04e-07,CTAGGGCAGAGGGCA,15
51537,30816610-30826610,chr22,1,30819688-30819702,+,2.53e-06,TCAGGGCAAAGGCCA,15
10587,19924359-19934359,chr22,1,19931567-19931581,+,1.51e-06,TGGGGGCAAAGGGCA,15
6525,31472281-31485981,chr22,1,31485254-31485268,+,5.87e-07,GTGGGTGAGAGGTCA,15
80339,44314618-44324618,chr22,1,44321571-44321585,+,3.23e-06,GAGGAGCAAAGGGCA,15
6634,24946617-24956617,chr22,1,24950328-24950342,-,8.28e-06,CTGTGGAAGAGGTCA,15
440836,50966008-50976008,chr22,1,50969113-50969127,-,4.45e-06,CAGGGTCAAGGGTCA,15
23209,50518781-50529358,chr22,1,50522253-50522267,+,1.8e-06,CTGGGGCAGAGGGGA,15
150248,24100207-24110207,chr22,2,24105120-24105134;24109088-24109102,-;-,8.28e-06;1.27e-06,ATGGGGGAGAGGTGA;CTAGGTCAGGGGTCA,15;15
80832,36595879-36605879,chr22,1,36605677-36605691,+,2.53e-06,ACAGGACAAAGGGCA,15
80833,36551977-36567225,chr22,1,36552897-36552911,-,5.67e-06,GGAGGGCAGAGGCCA,15
113828,40385952-40395952,chr22,1,40395433-40395447,-,4.87e-06,GGGGGTCAAGGGTCA,15
25771,47153517-47163517,chr22,1,47158778-47158792,+,4.45e-06,AGGGGTCAGAGGTCA,15
5155,39631914-39645957,chr22,1,39637088-39637102,+,4.13e-06,GGATGGCAAAGGGCA,15
113730,50981461-50991461,chr22,1,50987275-50987289,-,8.93e-06,GCTGGGCAAAGGCCA,15
3162,35772059-35782059,chr22,1,35773187-35773201,+,3e-06,GGAGGTGAAAGGGCA,15
7263,37410494-37421224,chr22,1,37415308-37415322,-,1.04e-07,CTAGGGCAGAGGGCA,15
1120,51016428-51026428,chr22,1,51017105-51017119,+,7.31e-08,GTAGGGAAAAGGTCA,15
23654,50741001-50751001,chr22,1,50741182-50741196,-,8.28e-06,CAGGGGCAAGGGGCA,15
113791,31683520-31693520,chr22,1,31692222-31692236,-,3e-06,ATGGAGCAAAGTTCA,15
25813,44346260-44356260,chr22,1,44351690-44351704,+,5.67e-06,CTTGGCTAAAGGTCA,15
1312,19924262-19944044,chr22,1,19931567-19931581,+,1.51e-06,TGGGGGCAAAGGGCA,15
79159,38077343-38087343,chr22,1,38077360-38077374,+,6.09e-06,CTGAGCCAAAGTTCA,15
54584,19837462-19847462,chr22,1,19838197-19838211,+,3e-06,CTGGGACAGAAGTCA,15
415116,50349142-50359142,chr22,1,50356884-50356898,-,4.45e-06,AGGGGTCAGAGGTCA,15
400916,24105141-24115141,chr22,1,24109088-24109102,-,1.27e-06,CTAGGTCAGGGGTCA,15
83606,24946275-24956275,chr22,1,24950328-24950342,-,8.28e-06,CTGTGGAAGAGGTCA,15
1727,43035640-43050405,chr22,1,43045880-43045894,-,1.62e-06,GTGGGACAAAGATCA,15
9997,50959033-50969868,chr22,1,50969113-50969127,-,4.45e-06,CAGGGTCAAGGGTCA,15
79680,19837371-19847371,chr22,1,19838197-19838211,+,3e-06,CTGGGACAGAAGTCA,15
1890,50963514-50973514,chr22,1,50969113-50969127,-,4.45e-06,CAGGGTCAAGGGTCA,15
3956,38066612-38076612,chr22,2,38071493-38071507;38072124-38072138,-;-,6.62e-06;8.28e-06,TTGGAGCAGAGGTGA;CTGGAGCAGAGGGTA,15;15
4113,30228674-30238674,chrX,1,30237787-30237801,-,8.28e-06,CAAGAACAAAGGTTA,15
4129,43736721-43746721,chrX,1,43741165-43741179,-,8.93e-06,GTGGCACAAAGGTCA,15
401612,103396708-103406708,chrX,1,103402006-103402020,-,7.86e-07,CAAGGTGAAAGGTCA,15
2273,135224558-135235736,chrX,1,135226061-135226075,+,9.57e-06,GCAGGGGAGAGTTCA,15
292,118597362-118607362,chrX,1,118603351-118603365,-,9.35e-08,CTAGGAGAAAGGTCA,15
79921,102835418-102845418,chrX,1,102840478-102840492,-,6.09e-06,CGGGGACAGAGGGCA,15
170302,25029065-25039065,chrX,1,25035062-25035076,+,4.13e-06,CTTGAGCAAAGGTGA,15
367,66758873-66768873,chrX,1,66764082-66764096,-,8.28e-06,GAAGAGGAAAGGGCA,15
4478,64882510-64892510,chrX,1,64891942-64891956,-,4.87e-06,CTAGAACAGAGTTCA,15
393,153186714-153196714,chrX,1,153191586-153191600,-,7.74e-06,GCAAGTCAAAGGTGA,15
29071,119759005-119769005,chrX,1,119764049-119764063,-,7.12e-06,CGGGGAGAAAGGGCA,15
158830,70321638-70331638,chrX,1,70327788-70327802,+,7.74e-06,CCAGGTCAGGGGTCA,15
10800,77578087-77588087,chrX,1,77583152-77583166,+,7.74e-06,GGAGGGGAAGGGTCA,15
27301,55021755-55031755,chrX,1,55026252-55026266,-,4.13e-06,TTGGGGCAGAGGGGA,15
139728,152933743-152944816,chrX,1,152934935-152934949,-,7.74e-06,CTGGGACAAAGTGGA,15
11040,48771413-48781413,chrX,1,48774781-48774795,-,2.53e-06,AAGGGGCAGAGGTCA,15
84460,101182039-101192039,chrX,1,101187211-101187225,+,2.81e-07,CAAGGGCAAAGGGCA,15
10735,123089474-123100555,chrX,1,123095942-123095956,-,8.93e-06,CTGGGGCAAGGATCA,15
959,135725335-135735335,chrX,1,135735137-135735151,+,7.12e-06,TTGGGCGAAAGTTCA,15
5207,55015511-55029967,chrX,1,55026252-55026266,-,4.13e-06,TTGGGGCAGAGGGGA,15
5256,18997480-19007480,chrX,1,19003623-19003637,-,5.67e-06,GGATGCCAAAGGTCA,15
9468,24685979-24695979,chrX,1,24690835-24690849,+,3e-06,CTTGACCAAAGGTCA,15
7504,37540132-37550132,chrX,1,37544371-37544385,-,5.67e-06,TCAGGGCAAAGATCA,15
7512,128867945-128877945,chrX,1,128870780-128870794,-,4.87e-06,TTAGAGCAAAGATCA,15
3561,70326481-70336481,chrX,1,70327788-70327802,+,7.74e-06,CCAGGTCAGGGGTCA,15
5613,3626675-3636675,chrX,2,3631053-3631067;3632237-3632251,-;-,4.87e-06;8.93e-06,GTAGGACAAAGGGCC;GGAGGGCAGAGGGGA,15;15
5638,37203527-37213582,chrX,1,37207754-37207768,+,2.14e-06,TTAGGTCAAAGTTTA,15
3597,117856558-117866558,chrX,1,117861001-117861015,-,3.23e-06,AAAGGACAAAGGGCA,15
60343,153739566-153749566,chrX,1,153745812-153745826,-,2.07e-07,TTGGGTCAAAGGGCA,15
54880,40031582-40041582,chrX,1,40033397-40033411,-,3.52e-06,TTAAGGCAAAGGCCA,15
83604,34670405-34680405,chrX,1,34675708-34675722,-,8.93e-06,CTGGGCGAAAGGGGA,15
23157,118822333-118832333,chrX,1,118825126-118825140,+,3.79e-06,GCAGAACAAAGGGCA,15
9968,70333405-70343405,chrX,1,70339123-70339137,-,2.72e-06,CAAGGTGAAAGGGCA,15
3897,153136399-153146399,chrX,1,153139314-153139328,+,1.04e-06,CTGGGGCAGAGGCCA,15
5973,153205232-153215232,chrX,1,153206935-153206949,+,6.62e-06,GTGGGGCAGAAGTTA,15
