Entrez ID,Promoter,Chr,Instances,Locations,Strands,FIMO P-values,Matching Sequences,Overlap w/ Footprints (bp)
27,179193819-179203819,chr1,2,179202909-179202923;179202909-179202923,+;-,2.38e-06;4.24e-06,AGCTTACAGTGAGCT;AGCTCACTGTAAGCT,15;15
34,76185042-76195042,chr1,2,76189806-76189820;76189806-76189820,+;-,2.91e-06;4.24e-06,AGGTCAAATTTACCT;AGGTAAATTTGACCT,15;15
88,236844769-236854769,chr1,1,236851732-236851746,+,8.45e-06,AGGCCACATTGACAT,15
140,112101597-112111597,chr1,2,112107857-112107871;112107857-112107871,+;-,2.04e-06;6e-06,AGGTCAGAGTGAGCA;TGCTCACTCTGACCT,15;15
183,230845336-230855336,chr1,2,230849877-230849891;230849877-230849891,+;-,7.68e-06;8.88e-06,GGGTCACGATGCCCT;AGGGCATCGTGACCC,15;15
8407,159890284-159900284,chr1,2,159895773-159895787;159895773-159895787,+;-,4.94e-06;9.31e-06,AGGTCACTCTGCCCA;TGGGCAGAGTGACCT,15;15
57645,166803723-166813723,chr1,2,166810145-166810159;166810145-166810159,+;-,4.66e-07;4.66e-07,AGGTCACAGTGACAC;GTGTCACTGTGACCT,15;15
8547,27696315-27706315,chr1,2,27704337-27704351;27704337-27704351,+;-,6.62e-06;8.45e-06,AGGGCAGGGTGACCC;GGGTCACCCTGCCCT,15;15
90529,24735262-24746587,chr1,2,24744386-24744400;24744386-24744400,+;-,3.41e-06;4.69e-06,AGCTCACAGTGAGCC;GGCTCACTGTGAGCT,15;15
100532736,19918470-19928470,chr1,2,19923327-19923341;19923327-19923341,+;-,1.54e-06;2.15e-06,AGGTCAGGGTCACCT;AGGTGACCCTGACCT,15;15
90853,32276580-32286580,chr1,1,32282789-32282803,-,7.32e-06,AGGTTGTAGTGAGCT,15
832,19807066-19817066,chr1,2,19807230-19807244;19807230-19807244,+;-,5.02e-07;5.78e-07,AGCTCACAGTGAGCT;AGCTCACTGTGAGCT,15;15
9453,235486752-235496752,chr1,2,235494994-235495008;235494994-235495008,+;-,5.19e-06;9.31e-06,AGGTTTCTGTGACCC;GGGTCACAGAAACCT,15;15
9557,146709290-146719290,chr1,1,146713723-146713737,+,8.45e-06,GAGTCACGGTGACCC,15
9563,9289862-9299862,chr1,1,9298425-9298439,-,8.88e-06,CAGTCAGAGTGACCT,15
25949,25554013-25564013,chr1,2,25554596-25554610;25554596-25554610,+;-,4.29e-08;4.29e-08,AGGTCAATCTGACCT;AGGTCAGATTGACCT,15;15
1382,156670459-156680608,chr1,2,156676902-156676916;156676902-156676916,+;-,4.46e-06;7.68e-06,GGGCCAGAGTGACCT;AGGTCACTCTGGCCC,15;15
9725,226065420-226075420,chr1,1,226071336-226071350,+,6.3e-06,AGGTTGCGGTGAGCT,15
50809,21108181-21118181,chr1,1,21109539-21109553,+,6e-06,AGGCTACAGTGAGCT,15
50848,160986133-160996133,chr1,1,160992551-160992565,+,2.38e-06,AGGTTGCAGTGAGCT,15
9910,174123551-174133551,chr1,1,174124673-174124687,-,5.44e-06,AAGTCATAATGAGCT,15
9928,200584862-200594862,chr1,2,200594112-200594126;200594112-200594126,+;-,8.37e-07;6.16e-07,AGGTCATTCTGACAT;ATGTCAGAATGACCT,15;15
1901,101697304-101707304,chr1,2,101700806-101700820;101700806-101700820,+;-,2.51e-06;2.77e-06,AGGTTAAATTAACCT;AGGTTAATTTAACCT,15;15
83873,110077493-110087493,chr1,1,110078673-110078687,-,8.45e-06,AGGTTACAGGGACCC,15
83881,226406382-226416382,chr1,2,226414314-226414328;226416294-226416308,+;+,7.68e-06;8.88e-06,AGGTTGCAGTGATCT;AGGCTGCAGTGACCT,15;15
51177,150117169-150127169,chr1,1,150123738-150123752,+,9.31e-06,AGGCCCCTGTGACCT,15
93185,160063439-160073618,chr1,2,160069054-160069068;160069054-160069068,+;-,3.06e-06;4.69e-06,AGGTGACTGTGACCA;TGGTCACAGTCACCT,15;15
149175,38254773-38266159,chr1,2,38259160-38259174;38259160-38259174,+;-,9.83e-07;7.22e-07,CGGTCAGTGTGACCT;AGGTCACACTGACCG,15;15
649330,12903237-12913237,chr1,1,12911988-12912002,+,2.38e-06,AGGTTGCAGTGAGCT,15
2170,31840923-31850923,chr1,2,31841785-31841799;31841785-31841799,+;-,1.05e-08;1.05e-08,AGGTCACAATGACCT;AGGTCATTGTGACCT,15;15
2224,155273538-155283704,chr1,2,155277271-155277285;155277271-155277285,+;-,2.04e-06;2.15e-06,AGGTCATAAAGACCT;AGGTCTTTATGACCT,15;15
84301,15938952-15948952,chr1,1,15948638-15948652,-,4.46e-06,AGGATACAGTGAGCT,15
117143,166840654-166850654,chr1,1,166843951-166843965,+,6.96e-06,AGGTTGCTGTGAACT,15
51702,17570592-17580592,chr1,2,17571903-17571917;17571903-17571917,+;-,2.51e-06;1.54e-06,AGGTCACTGAGACAT;ATGTCTCAGTGACCT,15;15
2672,92944356-92957433,chr1,1,92945344-92945358,+,2.38e-06,AGGTTGCAGTGAGCT,15
84618,40132710-40142710,chr1,3,40132943-40132957;40137874-40137888;40137874-40137888,-;+;-,2.38e-06;6.96e-06;4.94e-06,AGGTTGCAGTGAGCT;AGGTCACACTGGCCC;GGGCCAGTGTGACCT,15;15;15
84676,26389125-26399125,chr1,1,26395523-26395537,-,8.88e-06,GAGTCACTGTGCCCT,15
55103,178689299-178699299,chr1,2,178695074-178695088;178695074-178695088,+;-,2.51e-06;2.63e-06,CGGTCAGGGTGACCT;AGGTCACCCTGACCG,15;15
2980,42625395-42635395,chr1,2,42627696-42627710;42627696-42627710,+;-,7.68e-06;5.71e-06,AGGTCAGAGAGACTT;AAGTCTCTCTGACCT,15;15
11221,221905802-221920516,chr1,1,221919612-221919626,+,8.45e-06,AGGTCATTGAGACCA,15
164045,91865426-91875426,chr1,1,91866108-91866122,-,2.38e-06,AGGTTGCAGTGAGCT,15
401934,1004687-1014687,chr1,2,1009197-1009211;1009197-1009211,+;-,6.25e-08;1.14e-07,AGGTCACTGTGACCA;TGGTCACAGTGACCT,15;15
3399,23881285-23891285,chr1,1,23883193-23883207,+,5.19e-06,AGATCAGAGTGACCA,15
391059,100226349-100236349,chr1,1,100231958-100231972,-,9.78e-06,AGGTTAATATGTCCT,15
200132,67213139-67223139,chr1,1,67218005-67218019,-,7.68e-06,GGGTCACTCTGAGCC,15
51127,228599583-228609583,chr1,2,228605405-228605419;228605405-228605419,+;-,2.63e-06;1.45e-06,GGGTAACTGTGACCT;AGGTCACAGTTACCC,15;15
3776,215173884-215183884,chr1,2,215176341-215176355;215176341-215176355,+;-,8.45e-06;9.78e-06,GGGTCACAGTGACAA;TTGTCACTGTGACCC,15;15
3953,65881334-65891334,chr1,2,65888691-65888705;65888691-65888705,+;-,6.62e-06;5.44e-06,GAGTCACCTTGACCT;AGGTCAAGGTGACTC,15;15
51179,119906401-119916401,chr1,2,119916204-119916218;119916204-119916218,+;-,2.38e-06;9.83e-07,AGGTCACAATAACTT;AAGTTATTGTGACCT,15;15
4000,156079460-156089460,chr1,1,156082111-156082125,+,2.38e-06,AGGTTGCAGTGAGCT,15
962,160676641-160686641,chr1,1,160682332-160682346,-,2.38e-06,AGGTTGCAGTGAGCT,15
127534,35220341-35230341,chr1,1,35228629-35228643,-,9.78e-06,AGGTCTGGGTGAGCT,15
127707,18802423-18812423,chr1,2,18807315-18807329;18807315-18807329,+;-,6.96e-06;6e-06,AGCTCAAAGTCACCT;AGGTGACTTTGAGCT,15;15
5287,204454474-204464474,chr1,3,204455792-204455806;204456303-204456317;204456303-204456317,+;+;-,6.96e-06;2.51e-06;1.45e-06,AGGTTGCAATGACCC;AGCTTACTGTAACCT;AGGTTACAGTAAGCT,15;15;15
54499,165733159-165743159,chr1,2,165742761-165742775;165742761-165742775,+;-,2.91e-06;2.27e-06,AACTCACTATGACCT;AGGTCATAGTGAGTT,15;15
54507,150516897-150526897,chr1,2,150518431-150518445;150518431-150518445,+;-,3.99e-07;5.37e-07,AGGTCAATCTGACCC;GGGTCAGATTGACCT,15;15
54596,62655473-62665473,chr1,2,62664579-62664593;62664579-62664593,+;-,6.62e-06;4.94e-06,AGCTTAGAGTAACCT;AGGTTACTCTAAGCT,15;15
378807,26512118-26522118,chr1,2,26517027-26517041;26517027-26517041,+;-,9.78e-06;5.44e-06,AGGTCACAGAGGCCT;AGGCCTCTGTGACCT,15;15
54741,65881130-65891398,chr1,2,65888691-65888705;65888691-65888705,+;-,6.62e-06;5.44e-06,GAGTCACCTTGACCT;AGGTCAAGGTGACTC,15;15
54797,28650512-28660512,chr1,2,28656191-28656205;28656191-28656205,+;-,6.56e-07;2.04e-06,AGGTTATAGTGAGCT;AGCTCACTATAACCT,15;15
5724,28515447-28525447,chr1,1,28517653-28517667,-,4.69e-06,ATGCCACGGTGACCT,15
5993,151314769-151324769,chr1,2,151320193-151320207;151320193-151320207,+;-,8.45e-06;6.3e-06,AGTTCACTGTAAGCT;AGCTTACAGTGAACT,15;15
55160,17861329-17871329,chr1,1,17862906-17862920,+,6.3e-06,AGGTTGCGGTGAGCT,15
6118,28236236-28246236,chr1,1,28246108-28246122,-,2.38e-06,AGGTTGCAGTGAGCT,15
79862,247262674-247272674,chr1,2,247267819-247267833;247267819-247267833,+;-,2.63e-06;3.23e-06,AGGTCAGAATGACCG;CGGTCATTCTGACCT,15;15
22889,155899188-155909188,chr1,1,155901981-155901995,-,8.45e-06,AGGTTGCATTGAGCT,15
6273,153533306-153543306,chr1,2,153534699-153534713;153534699-153534713,+;-,5.37e-07;1.66e-07,AGCTCACTGTAACCT;AGGTTACAGTGAGCT,15;15
440574,19918470-19928470,chr1,2,19923327-19923341;19923327-19923341,+;-,1.54e-06;2.15e-06,AGGTCAGGGTCACCT;AGGTGACCCTGACCT,15;15
6491,47774819-47784819,chr1,1,47783990-47784004,-,2.38e-06,AGGTTGCAGTGAGCT,15
5192,2339010-2349010,chr1,1,2340444-2340458,+,7.68e-06,AGGCCAACATGACCT,15
63967,36230551-36240551,chr1,1,36236550-36236564,+,8.88e-06,AGGTTAGAGTGAGTT,15
6883,28964604-28974604,chr1,1,28967514-28967528,+,6.3e-06,AGGTTGCAGTGAACT,15
7170,154150725-154169609,chr1,2,154163190-154163204;154163190-154163204,+;-,1.24e-07;7.33e-08,GGGTCAGTGTGACCT;AGGTCACACTGACCC,15;15
343069,12903578-12913578,chr1,1,12911988-12912002,+,2.38e-06,AGGTTGCAGTGAGCT,15
23632,150225217-150235217,chr1,1,150228840-150228854,+,9.31e-06,AAGGCACAGTGAGCT,15
51742,235485802-235496532,chr1,2,235494994-235495008;235494994-235495008,+;-,5.19e-06;9.31e-06,AGGTTTCTGTGACCC;GGGTCACAGAAACCT,15;15
56605,236440339-236450339,chr1,1,236445008-236445022,+,8.07e-06,AGCTCAGGGTGACCA,15
65122,12911940-12921940,chr1,1,12911988-12912002,+,2.38e-06,AGGTTGCAGTGAGCT,15
56944,114517029-114527029,chr1,2,114519403-114519417;114519403-114519417,+;-,2.04e-08;1.76e-08,GGGTCACAGTGACCT;AGGTCACTGTGACCC,15;15
57185,24737244-24747244,chr1,2,24744386-24744400;24744386-24744400,+;-,3.41e-06;4.69e-06,AGCTCACAGTGAGCC;GGCTCACTGTGAGCT,15;15
57198,154293035-154305275,chr1,2,154301948-154301962;154301948-154301962,+;-,2.93e-07;6.16e-07,AGGTCATGGTGACCC;GGGTCACCATGACCT,15;15
151556,175346816-175356816,chr2,2,175352345-175352359;175352345-175352359,+;-,4.46e-06;4.69e-06,AAGGCAGTGTGACCT;AGGTCACACTGCCTT,15;15
55339,128563761-128573761,chr2,1,128564648-128564662,-,2.38e-06,AGGTTGCAGTGAGCT,15
116540,74694942-74704942,chr2,1,74704315-74704329,-,7.68e-06,AGGTTGCAGTGATCT,15
52,259868-269868,chr2,1,260988-261002,+,9.78e-06,ATGTCACTGTGATCC,15
200403,98698594-98708594,chr2,2,98703638-98703652;98703638-98703652,+;-,1.38e-06;1.17e-06,GGGTCACAGAGACCT;AGGTCTCTGTGACCC,15;15
54497,37306485-37316485,chr2,3,37307469-37307483;37313193-37313207;37313193-37313207,-;+;-,8.88e-06;3.06e-06;6.96e-06,AAGTCAGAGTGAGCC;AAGTTAGAATGACCT;AGGTCATTCTAACTT,15;15;15
51471,73923467-73933467,chr2,2,73930144-73930158;73930144-73930158,+;-,4.46e-06;2.15e-06,TGGTCACAGTGTCCT;AGGACACTGTGACCA,15;15
55240,119976383-119986383,chr2,2,119981065-119981079;119981065-119981079,+;-,4.03e-06;1.54e-06,AGGTCACCCTGGCCT;AGGCCAGGGTGACCT,15;15
84289,242636455-242646455,chr2,1,242640456-242640470,-,7.32e-06,AGGTTGTAGTGAGCT,15
29094,64676326-64686326,chr2,1,64680263-64680277,+,2.38e-06,AGGTTGCAGTGAGCT,15
6637,70515869-70525869,chr2,1,70517274-70517288,-,8.88e-06,AGGTCAATGAGACCA,15
66037,198645074-198655938,chr2,1,198651227-198651241,+,2.91e-06,AGGTTGAGGTGACCT,15
26751,259068-269068,chr2,1,260988-261002,+,9.78e-06,ATGTCACTGTGATCC,15
54842,191268080-191278080,chr2,1,191272044-191272058,-,6.62e-06,AAGTTAATGTGACCC,15
4703,152586001-152596001,chr2,1,152586876-152586890,-,5.71e-06,AGGCCATGATGACCT,15
2677,85783657-85793657,chr2,2,85785434-85785448;85785434-85785448,+;-,3.47e-07;6.56e-07,AGATCAAAGTGACCT;AGGTCACTTTGATCT,15;15
4735,242249722-242260280,chr2,1,242255226-242255240,+,9.78e-06,AGGTCGCACTGAGCC,15
8837,201975876-201988268,chr2,1,201980716-201980730,+,2.38e-06,AGGTTGCAGTGAGCT,15
23198,54192977-54202977,chr2,2,54195668-54195682;54195668-54195682,+;-,7.32e-06;2.38e-06,AGGTCACCTTAACAT;ATGTTAAGGTGACCT,15;15
129831,178972181-178982181,chr2,1,178979388-178979402,-,6e-06,AGGCTACAGTGAGCT,15
2840,128398438-128408438,chr2,2,128408256-128408270;128408256-128408270,+;-,5.19e-06;4.03e-06,AGCTCATTGTGAACT;AGTTCACAATGAGCT,15;15
2888,165473360-165483360,chr2,1,165482367-165482381,-,2.38e-06,AGGTTGCAGTGAGCT,15
5212,36918832-36928832,chr2,2,36928820-36928834;36928820-36928834,+;-,9.78e-06;8.88e-06,AGGTCACTGGCACCT;AGGTGCCAGTGACCT,13;13
5443,25386559-25396559,chr2,2,25396268-25396282;25396268-25396282,+;-,1.3e-06;4.46e-06,AGGTTACAGTGAGCC;GGCTCACTGTAACCT,15;15
2976,27574868-27584868,chr2,2,27576715-27576729;27576715-27576729,+;-,4.94e-06;7.32e-06,AGGTCACTGGGACCA;TGGTCCCAGTGACCT,15;15
23498,43014751-43024751,chr2,2,43021826-43021840;43021826-43021840,+;-,2.77e-06;4.24e-06,AGGTCACTGAGACCA;TGGTCTCAGTGACCT,15;15
64682,112636741-112646741,chr2,2,112640677-112640691;112640677-112640691,+;-,1.66e-07;5.37e-07,AGGTTACAGTGAGCT;AGCTCACTGTAACCT,15;15
3069,242250115-242260115,chr2,1,242255226-242255240,+,9.78e-06,AGGTCGCACTGAGCC,15
375307,219216578-219226578,chr2,1,219224617-219224631,-,2.38e-06,AGGTTGCAGTGAGCT,15
60526,21017827-21027827,chr2,1,21022980-21022994,+,9.78e-06,AGATCAGAGAGACCT,15
7277,220113638-220123638,chr2,1,220119842-220119856,-,8.07e-06,AGGTTGCAATGAGCT,15
9330,197659492-197669492,chr2,1,197664206-197664220,-,8.07e-06,AGGCCACGGTGCCCT,15
78989,3637421-3658641,chr2,2,3653201-3653215;3653201-3653215,+;-,3.81e-06;2.51e-06,GGGGCACATTGACCT;AGGTCAATGTGCCCC,15;15
9470,233410356-233420356,chr2,2,233415196-233415210;233415196-233415210,+;-,8.45e-06;6.62e-06,GGGTCACAAGGACCT;AGGTCCTTGTGACCC,15;15
23433,46764866-46774866,chr2,4,46767990-46768004;46767990-46768004;46770847-46770861;46770847-46770861,+;-;+;-,2.91e-06;4.94e-06;2.38e-08;4.29e-08,AGGTCACTGTCACCA;TGGTGACAGTGACCT;AGGTCACTGTGAGCT;AGCTCACAGTGACCT,15;15;15;15
5500,28969613-28979625,chr2,1,28976669-28976683,-,2.38e-06,AGGTTGCAGTGAGCT,15
140739,238870586-238880586,chr2,2,238873212-238873226;238873212-238873226,+;-,6.62e-06;4.69e-06,AGCTCTTTGTGACCT;AGGTCACAAAGAGCT,15;15
9687,11669241-11687850,chr2,2,11672659-11672673;11672659-11672673,+;-,5.02e-07;3.7e-07,GGGTCATTCTGACCT;AGGTCAGAATGACCC,15;15
3577,219026716-219036716,chr2,2,219031676-219031690;219031676-219031690,+;-,5.44e-06;5.44e-06,AGATCAGAGTGACTT;AAGTCACTCTGATCT,15;15
1545,38298323-38308323,chr2,1,38303341-38303355,-,9.31e-06,AGGTCGCGCTGCCCT,15
65061,202666151-202676301,chr2,1,202668502-202668516,-,2.38e-06,AGGTTGCAGTGAGCT,15
29959,27646472-27656472,chr2,2,27650671-27650685;27650671-27650685,+;-,7.68e-06;8.07e-06,AGGGCAGAGTGAACT;AGTTCACTCTGCCCT,15;15
9792,64876046-64886046,chr2,1,64883186-64883200,+,6.96e-06,AAGTTAAAGTGAGCT,15
431705,96799175-96809175,chr2,2,96803620-96803634;96803620-96803634,+;-,5.44e-06;7.32e-06,AGGTCTAGATGACCT;AGGTCATCTAGACCT,15;15
253635,37306593-37316593,chr2,3,37307469-37307483;37313193-37313207;37313193-37313207,-;+;-,8.88e-06;3.06e-06;6.96e-06,AAGTCAGAGTGAGCC;AAGTTAGAATGACCT;AGGTCATTCTAACTT,15;15;15
54980,70413151-70423151,chr2,1,70419977-70419991,-,7.32e-06,AGGTTGTAGTGAGCT,15
728819,43898461-43908461,chr2,1,43904041-43904055,-,8.88e-06,AAGTCATAATGACAT,15
200765,233410226-233420226,chr2,2,233415196-233415210;233415196-233415210,+;-,8.45e-06;6.62e-06,GGGTCACAAGGACCT;AGGTCCTTGTGACCC,15;15
63892,43818113-43828185,chr2,1,43825951-43825965,+,2.38e-06,AGGTTGCAGTGAGCT,15
3973,48977880-48987880,chr2,2,48982239-48982253;48982239-48982253,+;-,7.68e-06;5.44e-06,AGCTCACATTCACCT;AGGTGAATGTGAGCT,15;15
10120,98275561-98285561,chr2,1,98276834-98276848,+,9.31e-06,AGGACACGATGAGCT,15
10130,10947960-10957960,chr2,2,10950787-10950801;10950787-10950801,+;-,4.94e-06;5.71e-06,AAGGCAATGTGACCT;AGGTCACATTGCCTT,15;15
92104,178478694-178488694,chr2,2,178481568-178481582;178481568-178481582,+;-,4.24e-06;3.06e-06,AGTTCACAGTGTCCT;AGGACACTGTGAACT,15;15
7850,102603305-102613305,chr2,2,102603562-102603576;102603562-102603576,+;-,5.37e-07;1.17e-06,AGGTTACAGTGAACT;AGTTCACTGTAACCT,15;15
200879,185265369-185275369,chr3,2,185265768-185265782;185270341-185270355,-;-,8.45e-06;8.07e-06,AGGTTACTGTGAACA;AGCTCACTGTGAGCA,15;15
185,148410657-148420657,chr3,2,148415976-148415990;148415976-148415990,+;-,4.46e-06;6e-06,ATGTCACGGTGTCCT;AGGACACCGTGACAT,15;15
200895,93776831-93787067,chr3,2,93781547-93781561;93781547-93781561,+;-,8.45e-06;2.04e-06,GGGTCACTGCAACCT;AGGTTGCAGTGACCC,15;15
10533,11309009-11319009,chr3,1,11312817-11312831,-,5.71e-06,AGATCACTCTGACCA,15
131377,42722010-42732010,chr3,1,42725459-42725473,+,2.38e-06,AGGTTGCAGTGAGCT,15
10644,185537827-185547827,chr3,2,185538788-185538802;185538788-185538802,+;-,6.62e-06;7.68e-06,ATGTCACAGTACCCT;AGGGTACTGTGACAT,15;15
63899,93776854-93786854,chr3,2,93781547-93781561;93781547-93781561,+;-,8.45e-06;2.04e-06,GGGTCACTGCAACCT;AGGTTGCAGTGACCC,15;15
66000,132752170-132762170,chr3,1,132760160-132760174,-,8.45e-06,AGGTCTCTGTGAGCC,15
4634,46899973-46909973,chr3,1,46908362-46908376,+,9.78e-06,AGGTGAGGGTGACCC,15
152110,27405912-27415912,chr3,2,27407956-27407970;27407956-27407970,+;-,8.88e-06;4.46e-06,AGTTCACTTTGACTT;AAGTCAAAGTGAACT,15;15
85443,36776352-36786352,chr3,1,36777940-36777954,-,8.45e-06,AGGCCACTCTGACCA,15
7048,30642993-30652993,chr3,1,30644563-30644577,-,6.62e-06,AGGTTACTGTCAGCT,15
5010,170131652-170144027,chr3,2,170136913-170136927;170136913-170136927,+;-,7.68e-06;9.31e-06,GGGTCATCGTGACCA;TGGTCACGATGACCC,15;15
10057,183730727-183740727,chr3,2,183733639-183733653;183733639-183733653,+;-,2.63e-06;2.38e-06,AGATCAGAGTAACCT;AGGTTACTCTGATCT,15;15
353274,44514162-44524162,chr3,1,44516530-44516544,+,2.38e-06,AGGTTGCAGTGAGCT,15
7200,129688113-129698113,chr3,2,129690457-129690471;129690457-129690471,+;-,6.62e-06;4.46e-06,AGGTCAGCAAGACCT;AGGTCTTGCTGACCT,15;15
152078,157256132-157266132,chr3,1,157262871-157262885,-,2.38e-06,AGGTTGCAGTGAGCT,15
285203,69057774-69067774,chr3,2,69064056-69064070;69064056-69064070,+;-,2.04e-06;2.15e-06,AGGTCATAAAGACCT;AGGTCTTTATGACCT,15;15
29909,150915988-150925988,chr3,2,150916276-150916290;150916276-150916290,+;-,1.73e-06;2.91e-06,AAGTCTCAGTGACCT;AGGTCACTGAGACTT,15;15
7384,48642098-48652098,chr3,1,48651809-48651823,-,7.68e-06,AGGATATTTTGACCT,15
5352,145874282-145884282,chr3,2,145882090-145882104;145882090-145882104,+;-,6.62e-06;8.88e-06,AAGTCAGGGTGACAT;ATGTCACCCTGACTT,15;15
64393,178784656-178794656,chr3,2,178788117-178788131;178788117-178788131,+;-,6.96e-06;9.31e-06,AGGTGACAGTTACCT;AGGTAACTGTCACCT,15;15
1356,148934832-148944832,chr3,2,148943079-148943093;148943079-148943093,+;-,4.46e-06;4.94e-06,AGGTCACTCTGACTA;TAGTCAGAGTGACCT,15;15
200931,195938382-195948382,chr3,1,195948058-195948072,+,2.38e-06,AGGTTGCAGTGAGCT,15
25976,156387204-156399452,chr3,2,156394052-156394066;156394052-156394066,+;-,6.3e-06;8.45e-06,AGCTTACAGTGAACT;AGTTCACTGTAAGCT,15;15
9730,51529018-51539018,chr3,2,51534624-51534638;51534624-51534638,+;-,2.33e-07;1.02e-07,AGCTCACTATGACCT;AGGTCATAGTGAGCT,15;15
9779,17777399-17789240,chr3,1,17783385-17783399,+,9.78e-06,AGGTCACGGTTCCCT,15
5708,184012021-184022021,chr3,2,184017420-184017434;184017420-184017434,+;-,6.56e-07;6.86e-07,AGGTCATTGTCACCT;AGGTGACAATGACCT,15;15
10015,33835062-33845062,chr3,2,33839775-33839789;33839775-33839789,+;-,9.83e-07;7.57e-07,AGGTCACAATAACCC;GGGTTATTGTGACCT,15;15
5922,141200925-141210925,chr3,1,141201370-141201384,-,2.6e-07,AGGTCAGTGTGACTT,15
10180,49972476-49982476,chr3,1,49980228-49980242,+,2.38e-06,AGGTTGCAGTGAGCT,15
389119,49835686-49845686,chr3,2,49844026-49844040;49844026-49844040,+;-,1.83e-06;2.91e-06,AGGGCACAGTGACCA;TGGTCACTGTGCCCT,15;15
339976,189055597-189065597,chr4,1,189063545-189063559,+,7.68e-06,AGATCAAACTGACCC,15
10252,124312949-124325644,chr4,2,124320563-124320577;124320563-124320577,+;-,4.46e-06;2.63e-06,AGCTCATGGTAACCT;AGGTTACCATGAGCT,15;15
23216,37887704-37897704,chr4,2,37893333-37893347;37893333-37893347,+;-,3.06e-06;2.38e-06,TGGTCAGAGTGACCC;GGGTCACTCTGACCA,15;15
3425,975784-985784,chr4,1,980479-980493,+,2.38e-06,AGGTTGCAGTGAGCT,15
92305,1718084-1728084,chr4,2,1725309-1725323;1725309-1725323,+;-,9.83e-07;6.86e-07,AGGTAAGTGTGACCT;AGGTCACACTTACCT,15;15
133308,103993170-104003170,chr4,1,103996725-103996739,-,5.19e-06,ATGCCACACTGACCT,15
10460,1718216-1728216,chr4,2,1725309-1725323;1725309-1725323,+;-,9.83e-07;6.86e-07,AGGTAAGTGTGACCT;AGGTCACACTTACCT,15;15
399,40193526-40203526,chr4,2,40202619-40202633;40202619-40202633,+;-,3.37e-08;6.53e-08,AAGTCACAGTGACCT;AGGTCACTGTGACTT,15;15
285489,3460032-3470032,chr4,2,3468841-3468855;3468841-3468855,+;-,1.8e-09;9.01e-10,AGGTCACTGTGACCT;AGGTCACAGTGACCT,15;15
10983,77992125-78002125,chr4,1,78002121-78002135,+,8.07e-06,AGGTTGCAATGAGCT,5
8999,76550721-76560721,chr4,2,76560297-76560311;76560297-76560311,+;-,2.11e-07;2.45e-07,AAGTCACTATGACCT;AGGTCATAGTGACTT,15;15
152789,6197318-6207318,chr4,1,6200610-6200624,-,8.45e-06,AAGTCAGAGTAACCC,15
80854,140472577-140482577,chr4,2,140481988-140482002;140481988-140482002,+;-,9.31e-06;4.94e-06,AGGGCAGAATAACCT;AGGTTATTCTGCCCT,15;15
60592,141173439-141183439,chr4,2,141181608-141181622;141181608-141181622,+;-,3.81e-06;5.19e-06,AGGTCATCTTGACCA;TGGTCAAGATGACCT,15;15
58478,83346725-83356725,chr4,2,83352736-83352750;83356324-83356338,+;-,8.07e-06;6.3e-06,ATGTCACTGTGAACC;AGGTTGCGGTGAGCT,15;15
114905,15336559-15346559,chr4,2,15346203-15346217;15346203-15346217,+;-,8.07e-06;5.44e-06,AGGTCTCTCTGACTT;AAGTCAGAGAGACCT,15;15
5530,102263628-102273628,chr4,2,102270620-102270634;102270620-102270634,+;-,1.24e-06;5.02e-07,AGGTCACTGTAATCT;AGATTACAGTGACCT,15;15
9662,56809973-56819973,chr4,2,56813447-56813461;56813447-56813461,+;-,2.59e-08;5.16e-08,AGGTCATGGTGACCT;AGGTCACCATGACCT,15;15
100507096,107283592-107293592,chr4,2,107286690-107286704;107286690-107286704,+;-,5.19e-06;8.45e-06,ATGTCAGTATGAGCT;AGCTCATACTGACAT,15;15
152831,39403472-39413472,chr4,1,39403542-39403556,+,7.68e-06,AGGTTGAAGTGAGCT,15
79807,106624940-106636969,chr4,2,106632019-106632033;106632019-106632033,+;-,1.64e-06;2.27e-06,AGGTTACTGTAAGCT;AGCTTACAGTAACCT,15;15
401124,36280643-36290643,chr4,2,36287651-36287665;36290499-36290513,-;-,6e-06;3.81e-06,AGGTCAAGGTGAGCA;AGGATACAGTGACCC,15;15
9987,83346378-83356378,chr4,2,83352736-83352750;83356324-83356338,+;-,8.07e-06;6.3e-06,ATGTCACTGTGAACC;AGGTTGCGGTGAGCT,15;15
57117,106624881-106634881,chr4,2,106632019-106632033;106632019-106632033,+;-,1.64e-06;2.27e-06,AGGTTACTGTAAGCT;AGCTTACAGTAACCT,15;15
26511,54925815-54935815,chr4,2,54933014-54933028;54933014-54933028,+;-,2.15e-06;1.3e-06,AGGTCAGTATGTCCT;AGGACATACTGACCT,15;15
27071,100732980-100742980,chr4,1,100737276-100737290,+,7.68e-06,AGGTTGCAGTGATCT,15
55286,37450551-37460551,chr4,2,37456329-37456343;37456329-37456343,+;-,1.17e-06;3.81e-06,AGGTTGCATTGACCT;AGGTCAATGCAACCT,15;15
10227,2930964-2941586,chr4,2,2939038-2939052;2939038-2939052,+;-,4.46e-06;1.73e-06,TGGTCACTGTGATCT;AGATCACAGTGACCA,15;15
57472,179916416-179926416,chr5,1,179925716-179925730,-,5.71e-06,ATGCCAAAGTGACCT,15
90268,14659782-14669782,chr5,1,14660572-14660586,-,6.3e-06,AAGTTAGAGTGAGCT,15
133396,55142206-55154149,chr5,1,55146857-55146871,+,6.3e-06,AGGTTGCGGTGAGCT,15
57561,90674149-90684149,chr5,2,90679787-90679801;90679787-90679801,+;-,7.32e-06;5.44e-06,AGGTCAAAGGAACCT;AGGTTCCTTTGACCT,15;15
64901,170283895-170293895,chr5,2,170289054-170289068;170289054-170289068,+;-,8.45e-06;7.32e-06,AGGTCAGTGTGCTCT;AGAGCACACTGACCT,15;15
22836,95061849-95071849,chr5,4,95064500-95064514;95064500-95064514;95064573-95064587;95064573-95064587,+;-;+;-,6.16e-07;5.78e-07;4.94e-06;2.91e-06,AGGTCACAAAGACCT;AGGTCTTTGTGACCT;TGGTGACAGTGACCT;AGGTCACTGTCACCA,15;15;15;15
8817,170841666-170851666,chr5,1,170845530-170845544,-,8.07e-06,AGGTCACAGTGAGAA,15
10923,32580604-32590604,chr5,2,32583393-32583407;32584152-32584166,-;-,2.38e-06;2.38e-06,AGGTTGCAGTGAGCT;AGGTTGCAGTGAGCT,15;15
92259,68508572-68518572,chr5,2,68512409-68512423;68512409-68512423,+;-,2.6e-07;1.11e-06,AGGTTGCAGTGACCT;AGGTCACTGCAACCT,15;15
643836,180283286-180293286,chr5,1,180287760-180287774,+,8.88e-06,AGGTCTCTCTGCCCT,15
11044,6709717-6719717,chr5,1,6712948-6712962,-,6.3e-06,AGGTCACGCTGCGCT,15
814,110554946-110564946,chr5,4,110560189-110560203;110560189-110560203;110564733-110564747;110564733-110564747,+;-;+;-,2.91e-06;6.62e-06;6.56e-07;2.04e-06,AAGTCACGGTGCCCT;AGGGCACCGTGACTT;AGGTCACAGTGAGCA;TGCTCACTGTGACCT,15;15;15;15
891,68457836-68467836,chr5,1,68466522-68466536,-,4.46e-06,AGGATACAGTGAGCT,15
3001,54393473-54403473,chr5,2,54401432-54401446;54401432-54401446,+;-,8.07e-06;2.15e-06,AGCTCACTGTAACTT;AAGTTACAGTGAGCT,15;15
23600,34003220-34013220,chr5,2,34004237-34004251;34004237-34004251,+;-,4.24e-06;4.03e-06,AGGTCCATTTGACCT;AGGTCAAATGGACCT,15;15
1160,80524138-80534138,chr5,2,80530799-80530813;80530799-80530813,+;-,8.37e-07;7.22e-07,AGGTCACACTAACCC;GGGTTAGTGTGACCT,15;15
1212,175838570-175848570,chr5,1,175845372-175845386,+,2.38e-06,AGGTTGCAGTGAGCT,15
7416,133335824-133345824,chr5,2,133336557-133336571;133336557-133336571,+;-,8.45e-06;9.31e-06,AGGTCACCCTGAACC;GGTTCAGGGTGACCT,15;15
3659,131821465-131831465,chr5,2,131823944-131823958;131823944-131823958,+;-,6.96e-06;4.46e-06,AGCTCACAAAGACCT;AGGTCTTTGTGAGCT,15;15
345611,150221084-150231084,chr5,1,150226877-150226891,-,9.78e-06,AAGTAAAAGTGACCT,15
1601,39420335-39430335,chr5,2,39421191-39421205;39421191-39421205,+;-,2.91e-06;4.03e-06,AGGTCAGCCTGACCA;TGGTCAGGCTGACCT,15;15
81848,141699620-141709620,chr5,1,141706174-141706188,-,9.31e-06,AGGACTCGGTGACCT,15
140890,65435045-65445662,chr5,2,65440979-65440993;65440979-65440993,+;-,3.41e-06;3.6e-06,AGGTCACACTGTCCC;GGGACAGTGTGACCT,15;15
9945,179775315-179785315,chr5,2,179779359-179779373;179779359-179779373,+;-,2.51e-06;2.91e-06,AGAGCACAGTGACCT;AGGTCACTGTGCTCT,15;15
1809,146884619-146894619,chr5,2,146888208-146888222;146888208-146888222,+;-,6.3e-06;3.6e-06,AGTTCAGTGTGACAT;ATGTCACACTGAACT,15;15
79646,168001614-168011614,chr5,2,168008072-168008086;168008072-168008086,+;-,6.16e-07;5.78e-07,AGGTCACAAAGACCT;AGGTCTTTGTGACCT,15;15
6793,171610346-171620346,chr5,1,171612824-171612838,+,8.07e-06,AGGACAGGGTGAGCT,15
51015,128425441-128435441,chr5,2,128434427-128434441;128434427-128434441,+;-,3.1e-07;5.02e-07,AGGTTATTTTGACCT;AGGTCAAAATAACCT,15;15
153579,180462224-180472224,chr5,2,180463484-180463498;180463484-180463498,+;-,1.45e-06;2.77e-06,ATGTCAGTGTGAGCT;AGCTCACACTGACAT,15;15
57380,24398152-24408152,chr6,2,24400936-24400950;24400936-24400950,+;-,7.32e-06;3.6e-06,AGGTCCCTGCGACCT;AGGTCGCAGGGACCT,15;15
6206,133130707-133140707,chr6,2,133135139-133135153;133135139-133135153,+;-,3.81e-06;7.68e-06,AGGTCGCAGTAAGCT;AGCTTACTGCGACCT,15;15
27145,76198496-76208496,chr6,3,76198678-76198692;76199366-76199380;76199366-76199380,+;+;-,9.78e-06;6.16e-07;6.56e-07,AGCTTAAGATGACCT;AGGTCACCTTGAGCT;AGCTCAAGGTGACCT,15;15;15
8294,27102087-27112087,chr6,2,27104070-27104084;27104070-27104084,+;-,5.78e-07;6.16e-07,AGGTCTTTGTGACCT;AGGTCACAAAGACCT,15;15
221294,116416998-116426998,chr6,1,116426223-116426237,+,7.68e-06,AGGTCACATTGCACT,15
8329,27770976-27780976,chr6,1,27774490-27774504,-,4.94e-06,AGTTTACAGTGAGCT,15
8330,27801117-27811117,chr6,2,27802722-27802736;27802722-27802736,+;-,6.96e-06;8.45e-06,AAGTCTCTTTGACCT;AGGTCAAAGAGACTT,15;15
8335,26028796-26038796,chr6,2,26032813-26032827;26032813-26032827,+;-,1.66e-07;5.37e-07,AGGTTACAGTGAGCT;AGCTCACTGTAACCT,15;15
10385,26378323-26388438,chr6,2,26384447-26384461;26384447-26384461,+;-,5.71e-06;3.06e-06,AACTCACTGTAACCT;AGGTTACAGTGAGTT,15;15
8340,27770709-27780709,chr6,1,27774490-27774504,-,4.94e-06,AGTTTACAGTGAGCT,15
8341,27801439-27811439,chr6,2,27802722-27802736;27802722-27802736,+;-,6.96e-06;8.45e-06,AAGTCTCTTTGACCT;AGGTCAAAGAGACTT,15;15
8354,27835099-27845099,chr6,2,27844290-27844304;27844290-27844304,+;-,1.3e-06;4.46e-06,AGGTTACAGTGAGCC;GGCTCACTGTAACCT,15;15
8357,27772841-27782841,chr6,1,27774490-27774504,-,4.94e-06,AGTTTACAGTGAGCT,15
8362,27794305-27804305,chr6,2,27802722-27802736;27802722-27802736,+;-,6.96e-06;8.45e-06,AAGTCTCTTTGACCT;AGGTCAAAGAGACTT,15;15
8365,26280727-26290727,chr6,2,26286121-26286135;26286121-26286135,+;-,3.6e-06;3.41e-06,AGGTCACAGTGACTG;CAGTCACTGTGACCT,15;15
8368,27836289-27846289,chr6,2,27844290-27844304;27844290-27844304,+;-,1.3e-06;4.46e-06,AGGTTACAGTGAGCC;GGCTCACTGTAACCT,15;15
221711,10882063-10892063,chr6,1,10889923-10889937,-,8.07e-06,AGGTTGCAATGAGCT,15
51473,24378520-24388520,chr6,1,24385948-24385962,+,5.71e-06,AAGTTACAGTGAACT,15
153918,144180572-144190572,chr6,2,144188689-144188703;144188689-144188703,+;-,7.68e-06;5.71e-06,AACTCACCCTGACCT;AGGTCAGGGTGAGTT,15;15
55633,37220547-37230547,chr6,1,37229142-37229156,+,6.3e-06,AGGTTGCAGTGAACT,15
168002,168715402-168725402,chr6,1,168720496-168720510,-,5.71e-06,AGGCCGCGGTGACCT,15
51660,166791501-166801501,chr6,2,166795686-166795700;166795686-166795700,+;-,8.45e-06;6.62e-06,GGGTCACCCTGCCCT;AGGGCAGGGTGACCC,15;15
23033,83772384-83782384,chr6,1,83780995-83781009,-,2.38e-06,AGGTTGCAGTGAGCT,15
23304,42526759-42536759,chr6,1,42533368-42533382,-,6.3e-06,AGGTTGCGGTGAGCT,15
80317,28312690-28322690,chr6,1,28322417-28322431,+,8.88e-06,AGGTTATAGTGAGCA,15
84624,159585428-159595428,chr6,2,159589734-159589748;159589734-159589748,+;-,2.91e-06;7.97e-07,AGGTCACTGTAGCCT;AGGCTACAGTGACCT,15;15
696,26496494-26506494,chr6,1,26502520-26502534,+,2.38e-06,AGGTTGCAGTGAGCT,15
8969,27095816-27105816,chr6,2,27104070-27104084;27104070-27104084,+;-,5.78e-07;6.16e-07,AGGTCTTTGTGACCT;AGGTCACAAAGACCT,15;15
8970,27095575-27105575,chr6,2,27104070-27104084;27104070-27104084,+;-,5.78e-07;6.16e-07,AGGTCTTTGTGACCT;AGGTCACAAAGACCT,15;15
10370,139690350-139700787,chr6,2,139693254-139693268;139693254-139693268,+;-,2.91e-06;1.45e-06,AGCTCATCATGACCT;AGGTCATGATGAGCT,15;15
84918,150180480-150190480,chr6,2,150180601-150180615;150180601-150180615,+;-,2.51e-06;1.45e-06,AGCTTACTGTAACCT;AGGTTACAGTAAGCT,15;15
7124,31538343-31548343,chr6,2,31547279-31547293;31547279-31547293,+;-,1.45e-06;2.51e-06,AGGTTACAGTAAGCT;AGCTTACTGTAACCT,15;15
8358,26027288-26037288,chr6,2,26032813-26032827;26032813-26032827,+;-,1.66e-07;5.37e-07,AGGTTACAGTGAGCT;AGCTCACTGTAACCT,15;15
57515,122787952-122797952,chr6,2,122797457-122797471;122797457-122797471,+;-,6e-06;6.62e-06,AGGACACAGTAACCC;GGGTTACTGTGTCCT,15;15
3097,143261338-143271338,chr6,1,143265129-143265143,+,9.31e-06,AGGTTAAAGTGCCCC,15
5269,2957404-2977399,chr6,2,2972125-2972139;2972125-2972139,+;-,8.88e-06;6e-06,AGGTCACAAAGACTT;AAGTCTTTGTGACCT,15;15
5272,2898546-2908546,chr6,1,2902823-2902837,-,2.38e-06,AGGTTGCAGTGAGCT,15
56479,73326570-73336570,chr6,2,73331346-73331360;73331346-73331360,+;-,2.91e-06;1.3e-06,AGGGCACAGCGACCT;AGGTCGCTGTGCCCT,15;15
5292,37132921-37142921,chr6,1,37140303-37140317,-,8.45e-06,AAGTCAGGGTGCCCT,15
9425,4771679-4781679,chr6,1,4780536-4780550,-,7.32e-06,AGGTTGTAGTGAGCT,15
3304,31790511-31800511,chr6,1,31798470-31798484,-,7.32e-06,AAGTTACCGTGAGCT,15
29964,41743499-41753499,chr6,1,41743723-41743737,-,8.88e-06,AGGTCAGGGTGTCCC,15
56897,2760665-2770665,chr6,1,2764300-2764314,+,8.07e-06,AGGTTGCCGTGAGCT,15
26503,74358737-74368737,chr6,1,74364283-74364297,-,2.38e-06,AGGTTGCAGTGAGCT,15
9521,8097828-8107828,chr6,1,8100814-8100828,-,2.38e-06,AGGTTGCAGTGAGCT,15
10817,41742630-41752630,chr6,1,41743723-41743737,-,8.88e-06,AGGTCAGGGTGTCCC,15
9729,127775535-127785535,chr6,2,127778676-127778690;127778676-127778690,+;-,3.06e-06;6.62e-06,AGGACAGAGTGAGCT;AGCTCACTCTGTCCT,15;15
347734,44220283-44230283,chr6,2,44225493-44225507;44225493-44225507,+;-,7.57e-07;2.04e-06,AGGTCATGGTGACCA;TGGTCACCATGACCT,15;15
254228,116827807-116837807,chr6,2,116833164-116833178;116833164-116833178,+;-,3.06e-06;5.44e-06,AGATCACTCTGAGCT;AGCTCAGAGTGATCT,15;15
221468,37220413-37230931,chr6,1,37229142-37229156,+,6.3e-06,AGGTTGCAGTGAACT,15
221476,36911038-36927208,chr6,1,36922238-36922252,-,8.45e-06,AAATCACAGTAACCT,15
79627,71993476-72003476,chr6,2,71997024-71997038;71997024-71997038,+;-,4.94e-06;8.07e-06,AGGTTCATGTGACCT;AGGTCACATGAACCT,15;15
57231,86298629-86308629,chr6,2,86303480-86303494;86303480-86303494,+;-,8.07e-06;7.32e-06,AGGTCAAGGCGACCC;GGGTCGCCTTGACCT,15;15
2030,44182241-44196362,chr6,2,44191635-44191649;44191635-44191649,+;-,3.06e-06;2.91e-06,CGGTCACGTTGACCT;AGGTCAACGTGACCG,15;15
2050,100420143-100430143,chr7,1,100426101-100426115,+,2.38e-06,AGGTTGCAGTGAGCT,15
57414,75503316-75513316,chr7,1,75505822-75505836,+,7.68e-06,AGGTTACAGTGAACA,15
84132,6139549-6149549,chr7,1,6146265-6146279,-,6e-06,AGGCTACAGTGAGCT,15
29062,134891316-134901316,chr7,2,134896706-134896720;134896706-134896720,+;-,7.32e-06;8.45e-06,AGAGCAGAGTGACCT;AGGTCACTCTGCTCT,15;15
51608,911190-921190,chr7,2,913624-913638;913624-913638,+;-,9.31e-06;8.45e-06,AAGTCAGTCTGACTT;AAGTCAGACTGACTT,15;15
373156,142955521-142965521,chr7,2,142960823-142960837;142960823-142960837,+;-,5.44e-06;5.19e-06,AGGTCACTTTGTGCT;AGCACAAAGTGACCT,15;15
8621,39984958-39994958,chr7,1,39988886-39988900,-,8.07e-06,AGGTCACAGTGAGAA,15
6717,87844399-87861308,chr7,2,87856726-87856740;87856726-87856740,+;-,1.83e-06;5.02e-07,AGCTCACTGCGACCT;AGGTCGCAGTGAGCT,15;15
2770,79759139-79770070,chr7,2,79762938-79762952;79762938-79762952,+;-,4.24e-06;2.77e-06,TGGTCTCAGTGACCT;AGGTCACTGAGACCA,15;15
168667,33939522-33949522,chr7,1,33949477-33949491,+,6.96e-06,AGGTTGGAGTGAGCT,15
221937,4716929-4726929,chr7,2,4723145-4723159;4723145-4723159,+;-,5.02e-07;3.99e-07,AGGTCACCTTGACCC;GGGTCAAGGTGACCT,15;15
2969,74067029-74077029,chr7,2,74069859-74069873;74069859-74069873,+;-,2.38e-06;2.04e-06,AGCTCATGTTGACCT;AGGTCAACATGAGCT,15;15
445347,38308248-38318248,chr7,1,38315866-38315880,+,8.07e-06,AAGTTACTATGAGCT,15
1523,101454183-101465881,chr7,2,101461171-101461185;101461171-101461185,+;-,4.94e-06;2.91e-06,TGGTGACAGTGACCT;AGGTCACTGTCACCA,15;15
9275,72967065-72977065,chr7,1,72976803-72976817,+,2.38e-06,AGGTTGCAGTGAGCT,15
3200,27154214-27171639,chr7,1,27160094-27160108,+,2.38e-06,AGGTTGCAGTGAGCT,15
79034,6624914-6634914,chr7,1,6630539-6630553,-,7.32e-06,AGGTTGTAGTGAGCT,15
7378,48123354-48133745,chr7,2,48126490-48126504;48126490-48126504,+;-,2.77e-06;4.24e-06,AGGTTACAAAGACCT;AGGTCTTTGTAACCT,15;15
7461,73698804-73708804,chr7,1,73699529-73699543,-,3.23e-06,ATGTTGCTGTGACCT,15
5447,75539419-75549419,chr7,1,75545183-75545197,+,5.44e-06,AGGTTTCAGTGAGCT,15
5478,44831240-44841240,chr7,2,44834088-44834102;44834088-44834102,+;-,1.66e-07;5.37e-07,AGGTTACAGTGAGCT;AGCTCACTGTAACCT,15;15
7532,75983342-75993342,chr7,1,75989691-75989705,+,2.38e-06,AGGTTGCAGTGAGCT,15
81552,55635200-55645200,chr7,1,55639670-55639684,-,6.62e-06,AGCTCGGGGTGACCT,15
155382,73077173-73087173,chr7,1,73079662-73079676,+,6e-06,AGATTGCAGTGACCT,15
5879,6409125-6419125,chr7,1,6413014-6413028,-,2.38e-06,AGGTTGCAGTGAGCT,15
10049,157124709-157134710,chr7,2,157127206-157127220;157127206-157127220,+;-,2.04e-06;8.45e-06,AGGTTGCAGTGACCC;GGGTCACTGCAACCT,15;15
51312,23381362-23391362,chr8,1,23382988-23383002,+,5.19e-06,AAGTCATTCTGAGCT,15
83648,11319276-11329276,chr8,1,11323630-11323644,-,6.3e-06,AAGCCAGTGTGACCT,15
8323,104305660-104316058,chr8,1,104312473-104312487,+,8.45e-06,GGGTCATTATGACCA,15
84675,67034277-67044277,chr8,1,67036027-67036041,+,5.44e-06,AGGTTTCAGTGAGCT,15
51571,130947118-130957118,chr8,1,130952402-130952416,+,6e-06,AGGTGGCGGTGACCT,15
4325,89334717-89344717,chr8,1,89339429-89339443,+,7.68e-06,AGATCATAGTGAACT,15
84296,41381724-41391724,chr8,1,41386211-41386225,+,2.38e-06,AGGTTGCAGTGAGCT,15
137835,133767914-133777914,chr8,2,133776638-133776652;133776638-133776652,+;-,1.73e-06;9.26e-07,TGGTCAGAATGACCT;AGGTCATTCTGACCA,15;15
4481,16045300-16055300,chr8,2,16054549-16054563;16054549-16054563,+;-,5.44e-06;6.62e-06,AAGTCACACTGTCCT;AGGACAGTGTGACTT,15;15
340359,124660190-124670190,chr8,2,124666298-124666312;124666298-124666312,+;-,2.93e-07;9.83e-07,AGGTTGCTGTGACCT;AGGTCACAGCAACCT,15;15
84376,42747032-42757032,chr8,2,42749535-42749549;42749535-42749549,+;-,3.06e-06;3.23e-06,AAGTCAATGTGACAT;ATGTCACATTGACTT,15;15
51633,92077423-92087423,chr8,2,92081436-92081450;92081436-92081450,+;-,3.06e-06;1.64e-06,AGGTCAGCCTGACTT;AAGTCAGGCTGACCT,15;15
8754,38849504-38859504,chr8,2,38858050-38858064;38858050-38858064,+;-,9.26e-07;6.86e-07,AGATCACTGTAACCT;AGGTTACAGTGATCT,15;15
27257,38029248-38039248,chr8,2,38030599-38030613;38030599-38030613,+;-,6e-06;6.96e-06,AGGTGACTTTGAGCT;AGCTCAAAGTCACCT,15;15
11059,87349993-87359993,chr8,2,87355702-87355716;87355702-87355716,+;-,1.3e-06;2.51e-06,AGGTTCCAGTGACCT;AGGTCACTGGAACCT,15;15
51001,97268796-97278796,chr8,1,97277918-97277932,+,2.38e-06,AGGTTGCAGTGAGCT,15
2936,30580486-30590486,chr8,2,30580484-30580498;30580484-30580498,+;-,2.51e-06;1.3e-06,AGTTCACTGTGACTT;AAGTCACAGTGAACT,13;13
23462,80675098-80685098,chr8,1,80682384-80682398,+,9.78e-06,AAGTCCCTCTGACCT,15
23484,29947921-29957921,chr8,2,29948212-29948226;29948212-29948226,+;-,6.96e-06;5.19e-06,AGGTCATCAAGACCT;AGGTCTTGATGACCT,15;15
9166,110546928-110557309,chr8,2,110552352-110552366;110552352-110552366,+;-,3.47e-07;3.7e-07,GGGTCAGGGTGACCT;AGGTCACCCTGACCC,15;15
7381,97242862-97252862,chr8,1,97246668-97246682,+,5.19e-06,AGGTCAGAGTTAGCT,15
9530,38029105-38039105,chr8,2,38030599-38030613;38030599-38030613,+;-,6e-06;6.96e-06,AGGTGACTTTGAGCT;AGCTCAAAGTCACCT,15;15
286144,93972817-93983372,chr8,1,93973025-93973039,+,6.96e-06,AGCCCAAAGTGACCT,15
9791,97269166-97279166,chr8,1,97277918-97277932,+,2.38e-06,AGGTTGCAGTGAGCT,15
9821,53622026-53632026,chr8,2,53627225-53627239;53627225-53627239,+;-,2.77e-06;2.38e-06,AGGTGAATTTGACCT;AGGTCAAATTCACCT,15;15
83595,10583022-10593022,chr8,2,10590684-10590698;10590684-10590698,+;-,4.03e-06;9.83e-07,TGGTCACTGCGACCT;AGGTCGCAGTGACCA,15;15
59339,38753752-38763752,chr8,2,38762910-38762924;38762910-38762924,+;-,6.56e-07;2.04e-06,AGGTTATAGTGAGCT;AGCTCACTATAACCT,15;15
25897,101310487-101327379,chr8,1,101316254-101316268,-,4.24e-06,AGGTTATAGTGAGCC,15
55039,125458047-125468047,chr8,2,125462662-125462676;125462662-125462676,+;-,2.27e-06;2.15e-06,AGGTCTTTTTGACCT;AGGTCAAAAAGACCT,15;15
91782,23096149-23106149,chr8,2,23098960-23098974;23098960-23098974,+;-,1.83e-06;5.37e-07,AGCTCACCGTAACCT;AGGTTACGGTGAGCT,15;15
7993,30596689-30606689,chr8,1,30601793-30601807,-,6.96e-06,AAGTCACACTTACCT,15
81790,42746866-42756866,chr8,2,42749535-42749549;42749535-42749549,+;-,3.06e-06;3.23e-06,AAGTCAATGTGACAT;ATGTCACATTGACTT,15;15
83877,38849041-38859041,chr8,2,38858050-38858064;38858050-38858064,+;-,9.26e-07;6.86e-07,AGATCACTGTAACCT;AGGTTACAGTGATCT,15;15
79792,144630556-144645476,chr8,3,144630591-144630605;144640614-144640628;144640614-144640628,-;+;-,8.07e-06;6e-06;9.31e-06,AGGTCACAGAGAGCC;CGGTCACGGTGAGCT;AGCTCACCGTGACCG,15;15;15
4017,23256722-23266722,chr8,1,23265289-23265303,-,8.88e-06,GAGTCACTGTGCCCT,15
2039,21906080-21921685,chr8,2,21917718-21917732;21917718-21917732,+;-,4.03e-06;6.62e-06,AGGTCGCTGGGACCT;AGGTCCCAGCGACCT,15;15
10280,34632768-34642768,chr9,2,34634135-34634149;34634135-34634149,+;-,1.11e-06;1.04e-06,AGGTCACCCTGCCCT;AGGGCAGGGTGACCT,15;15
57462,34371894-34381894,chr9,1,34380631-34380645,+,5.71e-06,AGGCCAGGTTGACCT,15
389827,136385068-136395068,chr9,1,136387992-136388006,-,6.96e-06,GTGTCACTGTGACCA,15
203,130635022-130645022,chr9,2,130644770-130644784;130644770-130644784,+;-,1.45e-06;2.51e-06,AGGTTACAGTAAGCT;AGCTTACTGTAACCT,15;15
54926,33812181-33822181,chr9,2,33818320-33818334;33818320-33818334,+;-,1.04e-06;1.11e-06,AGGGCAGGGTGACCT;AGGTCACCCTGCCCT,15;15
84263,115137188-115147188,chr9,1,115141403-115141417,+,4.69e-06,AGGTTACAATGAGCC,15
399665,130737812-130747812,chr9,1,130746379-130746393,-,2.38e-06,AGGTTGCAGTGAGCT,15
158046,91145015-91155015,chr9,2,91145105-91145119;91145105-91145119,+;-,1.04e-06;9.26e-07,GGGTCACTCTGACCC;GGGTCAGAGTGACCC,15;15
57706,126687417-126697417,chr9,1,126696806-126696820,-,2.38e-06,AGGTTGCAGTGAGCT,15
22949,114356711-114367135,chr9,2,114360678-114360692;114360678-114360692,+;-,2.91e-06;4.03e-06,GGGACACGGTGACCT;AGGTCACCGTGTCCC,15;15
340485,19403924-19413924,chr9,1,19411452-19411466,-,3.41e-06,AGGTCGCAGTGAGCC,15
10783,127014884-127025529,chr9,2,127025220-127025234;127025220-127025234,+;-,1.64e-06;1.73e-06,GGGTCATGTTGACCT;AGGTCAACATGACCC,15;15
203328,95815988-95825988,chr9,1,95823053-95823067,+,6e-06,AGGCTACAGTGAGCT,15
2650,79051581-79061581,chr9,2,79057016-79057030;79057016-79057030,+;-,5.97e-08;4.29e-08,AGGTCACAGTGACTT;AAGTCACTGTGACCT,15;15
6812,130369485-130379485,chr9,1,130377451-130377465,+,8.45e-06,AGGTTGCATTGAGCT,15
6837,136209972-136219972,chr9,1,136214305-136214319,+,3.41e-06,AGGTCGCAGTGAGCC,15
646962,35901188-35911188,chr9,1,35907483-35907497,+,8.45e-06,AGGGCAGACTGAGCT,15
7010,27104146-27114146,chr9,1,27111966-27111980,-,7.68e-06,AGGTTGCAGTGATCT,15
64425,37480944-37490944,chr9,2,37487294-37487308;37487294-37487308,+;-,2.91e-06;4.03e-06,AGGGCAGAGTGAGCT;AGCTCACTCTGCCCT,15;15
138162,138386761-138396761,chr9,2,138388238-138388252;138388238-138388252,+;-,2.77e-06;1.73e-06,AGGTGACTGTGACAT;ATGTCACAGTCACCT,15;15
9314,110247047-110257047,chr9,1,110253017-110253031,-,6.96e-06,AGGTTGCACTGAGCT,15
138429,130684770-130698076,chr9,1,130690572-130690586,+,5.71e-06,GGGTCAGGGTGACCA,15
7295,113013920-113023920,chr9,2,113014994-113015008;113014994-113015008,+;-,4.03e-06;1.45e-06,GGCTCACAGTAACCT;AGGTTACTGTGAGCC,15;15
1902,113795365-113805365,chr9,1,113798539-113798553,-,8.88e-06,AGGTCAAGGTGATCC,15
29979,86318168-86328168,chr9,2,86320225-86320239;86320225-86320239,+;-,4.46e-06;1.3e-06,GGCTCACTGTAACCT;AGGTTACAGTGAGCC,15;15
3376,95051038-95061038,chr9,2,95054994-95055008;95054994-95055008,+;-,5.78e-07;2.11e-07,AGGTCACCTTAACCT;AGGTTAAGGTGACCT,15;15
7507,100454691-100464691,chr9,2,100459927-100459941;100459927-100459941,+;-,5.71e-06;7.68e-06,AAGTCTGTGTGACCT;AGGTCACACAGACTT,15;15
5711,123600299-123610299,chr9,2,123602339-123602353;123602339-123602353,+;-,1.66e-07;5.37e-07,AGGTTACAGTGAGCT;AGCTCACTGTAACCT,15;15
5727,98264481-98284247,chr9,2,98276263-98276277;98276263-98276277,+;-,2.38e-06;4.24e-06,AGCTTACAGTGAGCT;AGCTCACTGTAAGCT,15;15
26267,37571250-37581250,chr9,2,37574342-37574356;37574342-37574356,+;-,6.3e-06;8.45e-06,AACTCATGGTGACCT;AGGTCACCATGAGTT,15;15
26301,136034301-136044301,chr9,1,136044000-136044014,+,2.38e-06,AGGTTGCAGTGAGCT,15
84267,86566663-86576663,chr9,1,86574302-86574316,+,2.38e-06,AGGTTGCAGTGAGCT,15
51116,138387476-138397476,chr9,2,138388238-138388252;138388238-138388252,+;-,2.77e-06;1.73e-06,AGGTGACTGTGACAT;ATGTCACAGTCACCT,15;15
6130,136210068-136220068,chr9,1,136214305-136214319,+,3.41e-06,AGGTCGCAGTGAGCC,15
51207,76854248-76873970,chr10,2,76870087-76870101;76870087-76870101,+;-,6.3e-06;4.24e-06,AGGTCAACCTGTCCT;AGGACAGGTTGACCT,15;15
2253,103530759-103545126,chr10,1,103539156-103539170,+,8.45e-06,AGGCCACAGTGAGCC,15
80195,81833401-81844000,chr10,1,81835585-81835599,+,2.38e-06,AGGTTGCAGTGAGCT,15
22921,23379426-23389426,chr10,1,23385767-23385781,+,8.45e-06,AGGTCACAGTTACCG,15
27063,92676032-92686032,chr10,1,92676899-92676913,+,5.71e-06,AAGTCAAAATGAGCT,15
27069,85894184-85904184,chr10,2,85899913-85899927;85899913-85899927,+;-,1.14e-07;1.77e-07,AGGTCACTCTGAGCT;AGCTCAGAGTGACCT,15;15
22984,105151411-105161411,chr10,1,105157262-105157276,-,2.38e-06,AGGTTGCAGTGAGCT,15
219670,25346208-25356208,chr10,1,25348131-25348145,-,4.46e-06,AGGTTGCAGTGACCA,15
23082,103887786-103897786,chr10,1,103887966-103887980,-,2.38e-06,AGGTTGCAGTGAGCT,15
657,88511395-88521395,chr10,2,88513588-88513602;88513588-88513602,+;-,5.37e-07;1.17e-06,AGGTTACAGTGAACT;AGTTCACTGTAACCT,15;15
8861,103869723-103885210,chr10,1,103880312-103880326,+,9.31e-06,GTGTCAAAGTGACCC,15
8879,72570703-72580703,chr10,1,72577264-72577278,-,6e-06,AGGCTACAGTGAGCT,15
840,115433920-115444427,chr10,2,115438752-115438766;115438752-115438766,+;-,8.07e-06;9.78e-06,GGGTCAGGGTGAACT;AGTTCACCCTGACCC,15;15
84833,105151270-105161270,chr10,1,105157262-105157276,-,2.38e-06,AGGTTGCAGTGAGCT,15
9060,89414475-89424475,chr10,2,89417319-89417333;89417319-89417333,+;-,1.64e-06;3.06e-06,AAGTCAGGCTGACCT;AGGTCAGCCTGACTT,15;15
5076,102500467-102510467,chr10,1,102500832-102500846,+,6.96e-06,AGGTCGCAAAGACCT,15
84991,6125948-6136308,chr10,1,6133777-6133791,+,8.45e-06,AGGTTGCTGTGATCT,15
404636,120858610-120868610,chr10,1,120865669-120865683,+,2.38e-06,AGGTTGCAGTGAGCT,15
10360,103538170-103548170,chr10,1,103539156-103539170,+,8.45e-06,AGGCCACAGTGAGCC,15
55165,95251368-95261388,chr10,1,95255843-95255857,+,2.38e-06,AGGTTGCAGTGAGCT,15
7417,76964911-76975299,chr10,2,76969609-76969623;76969609-76969623,+;-,8.88e-06;6e-06,AGGTCAGTCTAAACT;AGTTTAGACTGACCT,15;15
7431,17265257-17275257,chr10,1,17269715-17269729,+,9.31e-06,AGGTTAAGGTGACCG,15
54536,94589469-94599469,chr10,2,94589513-94589527;94589513-94589527,+;-,6.16e-07;5.78e-07,AGGTCACAAAGACCT;AGGTCTTTGTGACCT,15;15
5464,71988190-71998190,chr10,2,71995038-71995052;71995038-71995052,+;-,5.19e-06;8.45e-06,AAGTCTCACTGACCT;AGGTCAGTGAGACTT,15;15
3437,91082601-91097238,chr10,2,91092854-91092868;91092854-91092868,+;-,9.26e-07;9.83e-07,AGGTCACTTTTACCT;AGGTAAAAGTGACCT,15;15
5588,6617254-6627254,chr10,1,6623887-6623901,-,8.07e-06,ATGTCAGAGTGAGCC,15
142891,76866392-76876392,chr10,2,76870087-76870101;76870087-76870101,+;-,6.3e-06;4.24e-06,AGGTCAACCTGTCCT;AGGACAGGTTGACCT,15;15
27250,112626552-112636552,chr10,1,112630880-112630894,-,8.07e-06,AGGTCACGGTCCCCT,15
26287,99327255-99337255,chr10,2,99331585-99331599;99331585-99331599,+;-,4.69e-06;3.6e-06,GGGTCACAGTGACTC;GAGTCACTGTGACCC,15;15
3832,94347824-94357824,chr10,1,94354886-94354900,-,2.38e-06,AGGTTGCAGTGAGCT,15
1847,112252624-112262624,chr10,1,112260934-112260948,+,8.07e-06,GGGTCATTGTGAGCC,15
8031,51560107-51577363,chr10,1,51575429-51575443,-,8.45e-06,AGGTTAAAGTGAGAT,15
143282,93664258-93674258,chr10,2,93668009-93668023;93668009-93668023,+;-,4.46e-06;5.44e-06,AGGTCTCCGTGAGCT;AGCTCACGGAGACCT,15;15
10312,67801461-67815446,chr11,2,67805841-67805855;67805841-67805855,+;-,4.66e-07;4.66e-07,AGGTCACAGTGACAC;GTGTCACTGTGACCT,15;15
10335,10710121-10720535,chr11,1,10715153-10715167,-,9.78e-06,ATGTAACATTGACCT,15
6240,4110923-4120923,chr11,2,4117325-4117339;4117325-4117339,+;-,2.51e-06;1.45e-06,AGCTTACTGTAACCT;AGGTTACAGTAAGCT,15;15
2147,46735742-46745742,chr11,2,46740558-46740572;46740558-46740572,+;-,1.54e-06;1.3e-06,GGGTGACAGTGACCT;AGGTCACTGTCACCC,15;15
6289,18265221-18275221,chr11,2,18267943-18267957;18267943-18267957,+;-,1.66e-07;2.33e-07,ATGTCATTGTGACCT;AGGTCACAATGACAT,15;15
2248,69629192-69639192,chr11,2,69632628-69632642;69632628-69632642,+;-,4.69e-06;7.68e-06,AGGTCCCTGTGACCA;TGGTCACAGGGACCT,15;15
221,67771047-67782789,chr11,2,67777981-67777995;67777981-67777995,+;-,5.71e-06;7.68e-06,AGGCCACTGTGTCCT;AGGACACAGTGGCCT,15;15
2286,64003412-64014587,chr11,2,64008377-64008391;64008377-64008391,+;-,7.68e-06;9.31e-06,AAGTCACTTTCACCT;AGGTGAAAGTGACTT,15;15
10524,65474472-65484472,chr11,2,65477272-65477286;65477272-65477286,+;-,2.04e-06;2.15e-06,AGGTCATAAAGACCT;AGGTCTTTATGACCT,15;15
330,102183180-102193180,chr11,2,102187859-102187873;102187859-102187873,+;-,1.54e-06;1.38e-06,AGGGCATATTGACCT;AGGTCAATATGCCCT,15;15
335,116703338-116713338,chr11,1,116707093-116707107,+,8.88e-06,AGGTCACGCTGTCCC,15
84233,85353962-85363962,chr11,2,85359063-85359077;85359063-85359077,+;-,3.81e-06;9.31e-06,AGGCCACAGTGAACT;AGTTCACTGTGGCCT,15;15
2526,94272016-94282016,chr11,1,94277461-94277475,-,8.45e-06,AGGGCAAGGTGAGCT,15
2542,118895278-118906616,chr11,2,118904309-118904323;118904309-118904323,+;-,1.73e-06;6.16e-07,AGCTCACTCTAACCT;AGGTTAGAGTGAGCT,15;15
4728,67793083-67803083,chr11,1,67796078-67796092,+,8.07e-06,AGGTTGCCGTGAGCT,15
10873,86378240-86388678,chr11,2,86382530-86382544;86382530-86382544,+;-,2.27e-06;3.06e-06,AGGTCAGACTGACCG;CGGTCAGTCTGACCT,15;15
100528017,18265221-18275221,chr11,2,18267943-18267957;18267943-18267957,+;-,1.66e-07;2.33e-07,ATGTCATTGTGACCT;AGGTCACAATGACAT,15;15
8882,116653739-116663739,chr11,2,116653758-116653772;116653758-116653772,+;-,4.24e-06;3.23e-06,AGGTCAGTTTAAGCT;AGCTTAAACTGACCT,15;15
170689,130313868-130323868,chr11,1,130321418-130321432,+,8.88e-06,AGGTGGCTTTGACCT,15
710,57360026-57370704,chr11,1,57370641-57370655,+,2.38e-06,AGGTTGCAGTGAGCT,15
23258,9281873-9291873,chr11,1,9284837-9284851,-,2.38e-06,AGGTTGCAGTGAGCT,15
91683,66785189-66795815,chr11,2,66790110-66790124;66790110-66790124,+;-,5.44e-06;8.07e-06,AAGTCACACAGACCT;AGGTCTGTGTGACTT,15;15
220001,61057788-61067788,chr11,1,61065112-61065126,+,8.07e-06,AAGTTTCTGTGACCT,15
2950,67346065-67356065,chr11,1,67355232-67355246,-,2.91e-06,AGGTTACAGTGAGCA,15
5007,59378617-59388617,chr11,2,59383946-59383960;59383946-59383960,+;-,9.31e-06;7.68e-06,AGGTGAAAGTGACTT;AAGTCACTTTCACCT,15;15
338692,67051761-67061761,chr11,1,67060838-67060852,-,8.88e-06,AAATCACAGTGAGCT,15
57661,571482-581482,chr11,1,578919-578933,-,2.38e-06,AGGTTGCAGTGAGCT,15
390243,94033802-94043802,chr11,2,94043085-94043099;94043085-94043099,+;-,8.88e-06;8.88e-06,AGGTCACACTGACAG;CTGTCAGTGTGACCT,15;15
160287,18472373-18482373,chr11,2,18479084-18479098;18479084-18479098,+;-,4.03e-06;8.45e-06,ATGACATAGTGACCT;AGGTCACTATGTCAT,15;15
79053,77845699-77855699,chr11,1,77851667-77851681,+,2.38e-06,AGGTTGCAGTGAGCT,15
3312,122927901-122937901,chr11,1,122935546-122935560,-,3.41e-06,AGGTCGCAGTGAGCC,15
57558,77894857-77904857,chr11,1,77904309-77904323,-,2.38e-06,AGGTTGCAGTGAGCT,15
51259,61154831-61164864,chr11,1,61158918-61158932,+,4.46e-06,AGGTTGCAGTGACCA,15
5450,111245157-111255157,chr11,1,111245354-111245368,+,2.38e-06,AGGTTGCAGTGAGCT,15
26519,57293232-57303232,chr11,2,57298811-57298825;57298811-57298825,+;-,6.3e-06;8.07e-06,AGGTCACACTAAGCC;GGCTTAGTGTGACCT,15;15
25996,114305107-114315107,chr11,2,114309248-114309262;114309248-114309262,+;-,4.24e-06;8.88e-06,ATGACAAAGTGACCT;AGGTCACTTTGTCAT,15;15
283219,77894664-77904664,chr11,1,77904309-77904323,-,2.38e-06,AGGTTGCAGTGAGCT,15
9846,78123868-78133868,chr11,2,78132165-78132179;78132165-78132179,+;-,2.45e-07;4.3e-07,AGGTCAGTGTGACCA;TGGTCACACTGACCT,15;15
57104,813900-823900,chr11,2,820270-820284;820270-820284,+;-,8.07e-06;5.71e-06,CGGTCACAGTGTCCT;AGGACACTGTGACCG,15;15
112464,6336740-6346740,chr11,2,6337167-6337181;6337167-6337181,+;-,7.32e-06;7.68e-06,CGGTCAGGCTGACCT;AGGTCAGCCTGACCG,15;15
3939,18410935-18422812,chr11,2,18418037-18418051;18418037-18418051,+;-,5.44e-06;3.06e-06,AGCTCAGAGTGATCT;AGATCACTCTGAGCT,15;15
51092,117044938-117054938,chr11,1,117045264-117045278,-,6.3e-06,AGGTTGCGGTGAGCT,15
144097,63575922-63585922,chr11,1,63577982-63577996,+,7.32e-06,AGGTTGTAGTGAGCT,15
6171,56505373-56515373,chr12,1,56509272-56509286,-,8.88e-06,AGGCTGCAGTGACCT,15
4257,16495075-16511350,chr12,2,16500919-16500933;16500919-16500933,+;-,1.54e-06;1.73e-06,AAGTCAAAGTAACCT;AGGTTACTTTGACTT,15;15
10411,48147181-48157889,chr12,2,48149293-48149307;48149293-48149307,+;-,5.02e-07;3.1e-07,AGGTCACTCTGATCT;AGATCAGAGTGACCT,15;15
10445,49955222-49966911,chr12,2,49960796-49960810;49960796-49960810,+;-,9.78e-06;8.88e-06,AGGTCACTGGCACCT;AGGTGCCAGTGACCT,15;15
2288,2899107-2909107,chr12,2,2905218-2905232;2905218-2905232,+;-,5.44e-06;3.41e-06,AGGGCATCTTGACCT;AGGTCAAGATGCCCT,15;15
387882,105719413-105729413,chr12,2,105723995-105724009;105723995-105724009,+;-,2.91e-06;6.62e-06,AGGTCAAGATGACCA;TGGTCATCTTGACCT,15;15
8445,68037511-68047511,chr12,1,68039406-68039420,+,2.38e-06,AGGTTGCAGTGAGCT,15
57605,123589975-123599975,chr12,2,123591693-123591707;123591693-123591707,+;-,4.24e-06;5.71e-06,AGGAGACAGTGACCT;AGGTCACTGTCTCCT,15;15
317,99034077-99044077,chr12,1,99034609-99034623,-,5.44e-06,AGGTTTCAGTGAGCT,15
84305,56315909-56326697,chr12,1,56325671-56325685,+,4.94e-06,AGGTTATGGTGAACT,15
362,50350278-50360278,chr12,2,50353634-50353648;50353634-50353648,+;-,1.24e-06;1.83e-06,AGGACAGACTGACCT;AGGTCAGTCTGTCCT,15;15
466,51152788-51162788,chr12,2,51159470-51159484;51159470-51159484,+;-,5.44e-06;6.62e-06,AGGTCATGAAGACCT;AGGTCTTCATGACCT,15;15
23011,72143657-72153657,chr12,2,72148324-72148338;72148324-72148338,+;-,5.19e-06;6.3e-06,GGTTTACAGTGACCT;AGGTCACTGTAAACC,15;15
55596,122980543-122990543,chr12,2,122982472-122982486;122985712-122985726,+;+,5.44e-06;8.07e-06,AGGTTTCAGTGAGCT;AGGTCAGAATGCGCT,15;15
6667,53768978-53779427,chr12,2,53776001-53776015;53776001-53776015,+;-,7.68e-06;5.19e-06,AGGTGAGCTTGACCT;AGGTCAAGCTCACCT,15;15
23545,124191864-124201864,chr12,1,124201272-124201286,+,2.38e-06,AGGTTGCAGTGAGCT,15
4633,111353404-111363404,chr12,2,111354722-111354736;111354722-111354736,+;-,4.46e-06;1.3e-06,GGCTCACTGTAACCT;AGGTTACAGTGAGCC,15;15
8739,117314232-117324232,chr12,2,117323607-117323621;117323607-117323621,+;-,1.11e-06;2.6e-07,AGGTCACTGCAACCT;AGGTTGCAGTGACCT,15;15
2597,6638584-6649408,chr12,2,6642946-6642960;6642946-6642960,+;-,1.54e-06;1.73e-06,AGGACATCGTGACCT;AGGTCACGATGTCCT,15;15
55885,16753313-16766148,chr12,2,16754285-16754299;16754285-16754299,+;-,4.69e-06;4.24e-06,GGGTTACACTAACCT;AGGTTAGTGTAACCC,15;15
120935,96331428-96341428,chr12,2,96336844-96336858;96336844-96336858,+;-,7.32e-06;3.06e-06,AGCTCACTTTGATCT;AGATCAAAGTGAGCT,15;15
121457,99033829-99043829,chr12,1,99034609-99034623,-,5.44e-06,AGGTTTCAGTGAGCT,15
65082,122746068-122756068,chr12,1,122751543-122751557,-,6e-06,AGGCTACAGTGAGCT,15
10019,111838751-111848751,chr12,2,111840940-111840954;111840940-111840954,+;-,2.45e-07;2.93e-07,AGGTCCCAGTGACCT;AGGTCACTGGGACCT,15;15
283349,64999292-65009292,chr12,3,65002170-65002184;65002170-65002184;65007662-65007676,+;-;+,8.45e-06;2.04e-06;2.38e-06,GGGTCACTGCAACCT;AGGTTGCAGTGACCC;AGGTTGCAGTGAGCT,15;15;15
10985,120627513-120637513,chr12,1,120633667-120633681,+,2.38e-06,AGGTTGCAGTGAGCT,15
283385,122102560-122112560,chr12,2,122104936-122104950;122104936-122104950,+;-,5.37e-07;1.66e-07,AGCTCACTGTAACCT;AGGTTACAGTGAGCT,15;15
144193,96332070-96342070,chr12,2,96336844-96336858;96336844-96336858,+;-,7.32e-06;3.06e-06,AGCTCACTTTGATCT;AGATCAAAGTGAGCT,15;15
11066,123937650-123949385,chr12,1,123946338-123946352,-,2.38e-06,AGGTTGCAGTGAGCT,15
160622,52395728-52409275,chr12,1,52405456-52405470,-,9.31e-06,AGGTTATAGTGAGTT,15
894,4377901-4387901,chr12,2,4387548-4387562;4387548-4387562,+;-,5.19e-06;8.07e-06,GGGCCACAATGACCT;AGGTCATTGTGGCCC,15;15
121665,121337155-121347155,chr12,1,121345840-121345854,-,5.44e-06,AGGTTTCAGTGAGCT,15
939,6549050-6559050,chr12,1,6552195-6552209,+,2.38e-06,AGGTTGCAGTGAGCT,15
7184,104319111-104329111,chr12,2,104324577-104324591;104324577-104324591,+;-,3.81e-06;2.27e-06,AGGTCTCAGCGACCT;AGGTCGCTGAGACCT,15;15
5250,98982402-98992402,chr12,1,98987627-98987641,+,7.32e-06,AGGCCGCCGTGACCT,15
91574,123712843-123723290,chr12,1,123721566-123721580,+,2.38e-06,AGGTTGCAGTGAGCT,15
84872,56507029-56517029,chr12,1,56509272-56509286,-,8.88e-06,AGGCTGCAGTGACCT,15
5502,54977443-54987443,chr12,2,54987158-54987172;54987158-54987172,+;-,3.75e-08;2.38e-08,AGGTCAGCGTGACCT;AGGTCACGCTGACCT,15;15
91523,47605051-47615051,chr12,1,47610375-47610389,-,6e-06,AGATCATTGTGACCA,15
1606,56319945-56330811,chr12,1,56325671-56325685,+,4.94e-06,AGGTTATGGTGAACT,15
386653,122653746-122663746,chr12,1,122661271-122661285,-,2.38e-06,AGGTTGCAGTGAGCT,15
729025,16425619-16435619,chr12,2,16434294-16434308;16434294-16434308,+;-,1.11e-06;1.64e-06,AGTTCACAGTGAGCT;AGCTCACTGTGAACT,15;15
84987,50500763-50510763,chr12,2,50504165-50504179;50504165-50504179,+;-,3.81e-06;2.38e-06,AGCTCCCTGTGACCT;AGGTCACAGGGAGCT,15;15
9976,10017458-10027458,chr12,1,10025784-10025798,-,8.45e-06,AGGCCATAGTGACTT,15
3852,52909243-52919243,chr12,2,52918145-52918159;52918145-52918159,+;-,3.6e-06;5.71e-06,AGGTCATAGTGACAA;TTGTCACTATGACCT,15;15
196383,123916264-123926264,chr12,1,123917723-123917737,-,8.45e-06,AGGTTGCATTGAGCT,15
55110,10761208-10771208,chr12,1,10764931-10764945,+,2.38e-06,AGGTTGCAGTGAGCT,15
10060,22084628-22094628,chr12,2,22090371-22090385;22090371-22090385,+;-,4.03e-06;5.19e-06,AGGTCACACTGTGCT;AGCACAGTGTGACCT,15;15
8076,8810433-8820433,chr12,1,8810880-8810894,+,2.38e-06,AGGTTGCAGTGAGCT,15
10138,42627089-42637154,chr12,2,42628936-42628950;42628936-42628950,+;-,3.47e-07;3.99e-07,AGGTCAGTCTGACCC;GGGTCAGACTGACCT,15;15
1975,53395061-53405061,chr12,2,53398148-53398162;53398148-53398162,+;-,5.78e-07;6.16e-07,AGGTCTTTGTGACCT;AGGTCACAAAGACCT,15;15
55266,72074877-72084877,chr12,1,72082088-72082102,-,2.38e-06,AGGTTGCAGTGAGCT,15
1431,56689175-56699175,chr12,2,56696273-56696287;56696273-56696287,+;-,1.11e-06;3.6e-06,AGGTTGTTGTGACCT;AGGTCACAACAACCT,15;15
7178,45910297-45920297,chr13,2,45916457-45916471;45916457-45916471,+;-,6.16e-07;1.73e-06,AGGTTACACTGAGCT;AGCTCAGTGTAACCT,15;15
144983,53186604-53196604,chr13,1,53191264-53191278,+,2.38e-06,AGGTTGCAGTGAGCT,15
26224,77596331-77606331,chr13,2,77602529-77602543;77602529-77602543,+;-,1.38e-08;2.04e-08,AGGTTACAGTGACCT;AGGTCACTGTAACCT,15;15
140432,98824521-98834521,chr13,2,98833952-98833966;98833952-98833966,+;-,3.6e-06;1.73e-06,AGTTCAGTGTAACCT;AGGTTACACTGAACT,15;15
23250,113339642-113349642,chr13,2,113346200-113346214;113346200-113346214,+;-,3.06e-06;1.64e-06,AGGTCAGCCTGACTT;AAGTCAGGCTGACCT,15;15
81624,60733119-60743119,chr13,2,60736294-60736308;60736294-60736308,+;-,7.32e-06;3.06e-06,TGGTCAATGTGACAT;ATGTCACATTGACCA,15;15
87769,101236046-101246046,chr13,2,101238192-101238206;101238192-101238206,+;-,1.3e-06;4.46e-06,AGGTTACAGTGAGCC;GGCTCACTGTAACCT,15;15
3936,46751459-46761459,chr13,2,46756467-46756481;46756467-46756481,+;-,1.64e-06;1.54e-06,AGGTCACAGTGAAAT;ATTTCACTGTGACCT,15;15
255967,28707642-28717642,chr13,1,28714154-28714168,-,2.38e-06,AGGTTGCAGTGAGCT,15
9071,96080852-96090852,chr13,1,96090747-96090761,+,8.45e-06,AGGTTTAAATGACCT,15
9617,41832713-41842713,chr13,2,41834424-41834438;41834424-41834438,+;-,1.66e-07;5.37e-07,AGGTTACAGTGAGCT;AGCTCACTGTAACCT,15;15
55901,52975629-52985629,chr13,2,52978833-52978847;52978833-52978847,+;-,2.04e-06;2.51e-06,AAGTCACTGAGACCT;AGGTCTCAGTGACTT,15;15
8100,21136207-21146207,chr13,2,21140797-21140811;21140797-21140811,+;-,3.06e-06;4.46e-06,ATGTCACAGTAAGCT;AGCTTACTGTGACAT,15;15
10243,66969124-66979124,chr14,2,66970339-66970353;66970339-66970353,+;-,3.06e-06;1.83e-06,AGCTCAAAGTGACAT;ATGTCACTTTGAGCT,15;15
4792,35868960-35878960,chr14,2,35873132-35873146;35873132-35873146,+;-,2.63e-06;5.71e-06,AGGTTATTATGAGCT;AGCTCATAATAACCT,15;15
6235,50048094-50058094,chr14,2,50048941-50048955;50048941-50048955,+;-,9.31e-06;5.71e-06,AGTTCAGACTAACCT;AGGTTAGTCTGAACT,15;15
7187,103238815-103248815,chr14,1,103240674-103240688,+,2.38e-06,AGGTTGCAGTGAGCT,15
80017,91575356-91585978,chr14,2,91583645-91583659;91583645-91583659,+;-,4.69e-06;4.03e-06,GGGTCTTTGTGACCT;AGGTCACAAAGACCC,15;15
145581,42071763-42081763,chr14,4,42073934-42073948;42073934-42073948;42078965-42078979;42078965-42078979,+;-;+;-,3.81e-06;3.23e-06;9.31e-06;9.78e-06,AGGTCAGTGTGTCCC;GGGACACACTGACCT;AGCTCAGGGTGCCCT;AGGGCACCCTGAGCT,15;15;15;15
283,21147335-21161931,chr14,3,21154561-21154575;21154612-21154626;21154612-21154626,-;+;-,6.96e-06;4.24e-06;2.27e-06,GAGTCACAGTGACCA;AGGTCAGTGAAACCT;AGGTTTCACTGACCT,15;15;15
8487,39578487-39588487,chr14,1,39584730-39584744,-,2.38e-06,AGGTTGCAGTGAGCT,15
90673,23767057-23777057,chr14,1,23768245-23768259,-,2.38e-06,AGGTTGCAGTGAGCT,15
6729,35447103-35457103,chr14,1,35450304-35450318,+,2.38e-06,AGGTTGCAGTGAGCT,15
2764,54950744-54960744,chr14,2,54960213-54960227;54960213-54960227,+;-,1.11e-06;2.6e-07,AGGTCACTGCAACCT;AGGTTGCAGTGACCT,15;15
10379,24625421-24635421,chr14,2,24630740-24630754;24630740-24630754,+;-,8.88e-06;9.78e-06,AGGTCAGGAGGACCT;AGGTCCTCCTGACCT,15;15
5104,95042705-95052705,chr14,2,95051104-95051118;95051104-95051118,+;-,1.54e-06;1.11e-06,AGCTCAGTGTGACCC;GGGTCACACTGAGCT,15;15
1073,35178023-35189029,chr14,2,35178145-35178159;35178145-35178159,+;-,2.51e-06;6.62e-06,AGGTTATATTGAGCT;AGCTCAATATAACCT,15;15
5684,58706522-58716522,chr14,2,58710705-58710719;58710705-58710719,+;-,3.06e-06;2.63e-06,AGGTCACTCTGACGT;ACGTCAGAGTGACCT,15;15
5721,24610855-24620855,chr14,1,24616765-24616779,-,8.07e-06,AGGTCACTCAGACCA,15
56967,96500660-96510660,chr14,1,96505345-96505359,-,4.24e-06,AGATCGGAGTGACCT,15
91828,103561480-103571480,chr14,2,103567142-103567156;103567142-103567156,+;-,1.83e-06;5.02e-07,AGCTCACTGCGACCT;AGGTCGCAGTGAGCT,15;15
5826,74764767-74774767,chr14,1,74767229-74767243,+,2.38e-06,AGGTTGCAGTGAGCT,15
55072,24611658-24621658,chr14,1,24616765-24616779,-,8.07e-06,AGGTCACTCAGACCA,15
3958,55590934-55600934,chr14,1,55591115-55591129,+,2.38e-06,AGGTTGCAGTGAGCT,15
6038,21147371-21161931,chr14,3,21154561-21154575;21154612-21154626;21154612-21154626,-;+;-,6.96e-06;4.24e-06;2.27e-06,GAGTCACAGTGACCA;AGGTCAGTGAAACCT;AGGTTTCACTGACCT,15;15;15
8110,73355809-73365809,chr14,2,73361850-73361864;73361850-73361864,+;-,4.46e-06;6.62e-06,AAGTCAGTGTGAACT;AGTTCACACTGACTT,15;15
79875,71428787-71438787,chr15,2,71436114-71436128;71436114-71436128,+;-,5.37e-07;1.66e-07,AGCTCACTGTAACCT;AGGTTACAGTGAGCT,15;15
102,59037177-59047177,chr15,2,59042953-59042967;59042953-59042967,+;-,5.37e-07;1.66e-07,AGCTCACTGTAACCT;AGGTTACAGTGAGCT,15;15
51324,65276812-65287251,chr15,1,65284568-65284582,-,8.07e-06,AGGTTGCAATGAGCT,15
4351,75177409-75187409,chr15,1,75177453-75177467,-,9.78e-06,CTGTCACATTGACCT,15
302,60685185-60695185,chr15,1,60690689-60690703,-,9.31e-06,AGGTTAAGCTGACAT,15
22856,101787137-101797137,chr15,2,101789061-101789075;101789061-101789075,+;-,7.68e-06;2.27e-06,GGGTCACAGCAACCT;AGGTTGCTGTGACCC,15;15
80213,102187594-102197594,chr15,3,102195245-102195259;102195245-102195259;102195701-102195715,+;-;-,3.6e-06;2.63e-06;7.68e-06,GGCTCACAGTGACCC;GGGTCACTGTGAGCC;GGGTCAGTGTGAGCC,15;15;15
51762,63476727-63486727,chr15,2,63478484-63478498;63478484-63478498,+;-,7.32e-06;4.69e-06,AGCTCACATAGACCT;AGGTCTATGTGAGCT,15;15
55898,91468409-91483214,chr15,2,91476869-91476883;91476869-91476883,+;-,8.88e-06;8.07e-06,AGGTCTCTGGGACCT;AGGTCCCAGAGACCT,15;15
8800,90229015-90239015,chr15,1,90237027-90237041,+,4.24e-06,AGGTTGTTTTGACCT,15
84888,51052910-51062910,chr15,1,51057367-51057381,-,3.23e-06,AGGTTGCGTTGACCT,15
23478,85254691-85264691,chr15,1,85260022-85260036,-,2.38e-06,AGGTTGCAGTGAGCT,15
388121,51392473-51402473,chr15,2,51395784-51395798;51395784-51395798,+;-,4.66e-07;6.56e-07,GAGTCACAGTGACCT;AGGTCACTGTGACTC,15;15
64864,56530483-56540483,chr15,2,56537180-56537194;56537180-56537194,+;-,1.77e-07;1.14e-07,AGCTCACACTGACCT;AGGTCAGTGTGAGCT,15;15
9640,85286817-85296817,chr15,2,85292543-85292557;85292543-85292557,+;-,1.93e-06;8.82e-07,GGCTCAGTGTGACCT;AGGTCACACTGAGCC,15;15
5780,75866625-75876625,chr15,1,75870376-75870390,-,8.45e-06,AGCTTACATTGAGCT,15
56964,90229027-90239027,chr15,1,90237027-90237041,+,4.24e-06,AGGTTGTTTTGACCT,15
26258,45874416-45884416,chr15,2,45880646-45880660;45880646-45880660,+;-,2.6e-07;1.57e-07,AGGTCACTCTGACTT;AAGTCAGAGTGACCT,15;15
26276,91560833-91570833,chr15,1,91566001-91566015,+,6.3e-06,AGGTTGCAGTGAACT,15
54962,66644054-66654054,chr15,1,66652315-66652329,-,9.31e-06,CGGTTACAGTGAGCT,15
83660,62934509-62944509,chr15,2,62937647-62937661;62937647-62937661,+;-,6.62e-06;4.03e-06,GGGTCAGAATGACAT;ATGTCATTCTGACCC,15;15
374659,91470774-91480774,chr15,2,91476869-91476883;91476869-91476883,+;-,8.88e-06;8.07e-06,AGGTCTCTGGGACCT;AGGTCCCAGAGACCT,15;15
79748,75100193-75110193,chr15,1,75109931-75109945,-,6.96e-06,AGGACAATGTGACCA,15
4088,67353194-67363194,chr15,1,67360167-67360181,-,7.68e-06,AGGTCTCTCTGACCA,15
18,8763443-8773443,chr16,2,8773254-8773268;8773254-8773268,+;-,4.24e-06;5.19e-06,GTGTCAGACTGACCT;AGGTCAGTCTGACAC,15;15
81631,87420800-87430800,chr16,1,87427115-87427129,+,8.45e-06,AGGTCTCATTGACCA,15
54620,30930895-30940895,chr16,2,30935254-30935268;30935254-30935268,+;-,4.03e-06;4.46e-06,AGGTTACAGCGACCC;GGGTCGCTGTAACCT,15;15
4261,10966054-10976054,chr16,1,10968895-10968909,-,2.38e-06,AGGTTGCAGTGAGCT,15
57546,66909382-66919382,chr16,1,66909571-66909585,-,2.38e-06,AGGTTGCAGTGAGCT,15
4363,16038433-16048433,chr16,1,16039839-16039853,-,2.38e-06,AGGTTGCAGTGAGCT,15
162073,19120253-19130253,chr16,2,19126607-19126621;19126607-19126621,+;-,4.24e-06;2.91e-06,GGGTCACCTTGACCC;GGGTCAAGGTGACCC,15;15
84290,55595583-55605583,chr16,2,55605280-55605294;55605280-55605294,+;-,4.29e-08;2.38e-08,AGCTCACAGTGACCT;AGGTCACTGTGAGCT,15;15
55625,85040141-85050141,chr16,1,85048775-85048789,-,6.96e-06,AGGTTGCACTGAGCT,15
6559,56894118-56904118,chr16,2,56903668-56903682;56903668-56903682,+;-,7.97e-07;8.37e-07,CGGTCACGGTGACCT;AGGTCACCGTGACCG,15;15
22928,30452224-30462224,chr16,2,30460555-30460569;30460555-30460569,+;-,9.78e-06;9.78e-06,AGGTGACAGTAAGCT;AGCTTACTGTCACCT,15;15
65990,766141-776141,chr16,1,770019-770033,+,8.07e-06,AGGACACGCTGAGCT,15
57799,634356-645172,chr16,1,638272-638286,-,5.19e-06,AGGTCATTGTGCCCA,15
84464,3656585-3666585,chr16,1,3660010-3660024,-,9.78e-06,AAGTAAAAGTGACCT,15
23049,18932726-18942726,chr16,1,18938999-18939013,+,7.32e-06,AGCTCACAGTGAGCA,15
100287036,89382540-89392540,chr16,1,89389321-89389335,-,6e-06,AGGCTACAGTGAGCT,15
197342,1818228-1828228,chr16,2,1828158-1828172;1828158-1828172,+;-,6.62e-06;4.03e-06,AGGTCATCTTGATCT;AGATCAAGATGACCT,15;15
90861,1723277-1733277,chr16,2,1723841-1723855;1723841-1723855,+;-,2.91e-06;5.19e-06,AGGTCGCGGTGACTT;AAGTCACCGCGACCT,15;15
90864,1827581-1837581,chr16,2,1828158-1828172;1828158-1828172,+;-,6.62e-06;4.03e-06,AGGTCATCTTGATCT;AGATCAAGATGACCT,15;15
763,87965112-87975112,chr16,1,87965654-87965668,+,2.38e-06,AGGTTGCAGTGAGCT,15
146325,605421-615421,chr16,2,608695-608709;608695-608709,+;-,3.81e-06;5.44e-06,GTGTCAGGGTGACCT;AGGTCACCCTGACAC,15;15
3029,1872195-1882195,chr16,2,1878216-1878230;1878216-1878230,+;-,2.38e-06;4.24e-06,AGCTTACAGTGAGCT;AGCTCACTGTAAGCT,15;15
115584,24852183-24862551,chr16,1,24862201-24862215,-,2.38e-06,AGGTTGCAGTGAGCT,15
84501,89889906-89899906,chr16,2,89893760-89893774;89893760-89893774,+;-,6.56e-07;2.04e-06,AGGTTATAGTGAGCT;AGCTCACTATAACCT,15;15
79006,760172-770172,chr16,1,770019-770033,+,8.07e-06,AGGACACGCTGAGCT,15
55839,81035102-81045102,chr16,2,81041646-81041660;81041646-81041660,+;-,2.04e-06;8.45e-06,AGGTTGCAGTGACCC;GGGTCACTGCAACCT,15;15
3294,82063857-82073857,chr16,2,82064892-82064906;82064892-82064906,+;-,2.51e-06;1.17e-06,GGGTCACTATGACAT;ATGTCATAGTGACCC,15;15
9717,5003317-5013317,chr16,1,5004834-5004848,+,8.07e-06,ATGTCACACTGAGCC,15
1632,2296602-2306602,chr16,2,2300537-2300551;2300537-2300551,+;-,6.62e-06;3.6e-06,AGGTCAGCATGTCCT;AGGACATGCTGACCT,15;15
56942,81035502-81045502,chr16,2,81041646-81041660;81041646-81041660,+;-,2.04e-06;8.45e-06,AGGTTGCAGTGACCC;GGGTCACTGCAACCT,15;15
7874,9052341-9062341,chr16,2,9054319-9054333;9054319-9054333,+;-,2.27e-06;2.38e-06,AACTCACACTGACCT;AGGTCAGTGTGAGTT,15;15
10101,1827932-1837932,chr16,2,1828158-1828172;1828158-1828172,+;-,6.62e-06;4.03e-06,AGGTCATCTTGATCT;AGATCAAGATGACCT,15;15
79801,46650311-46660311,chr16,1,46652623-46652637,-,6.3e-06,AGGTTGCGGTGAGCT,15
81889,1872224-1882224,chr16,2,1878216-1878230;1878216-1878230,+;-,2.38e-06;4.24e-06,AGCTTACAGTGAGCT;AGCTCACTGTAAGCT,15;15
79877,43123978-43143473,chr17,1,43142125-43142139,+,6.96e-06,AGGTTGCACTGAGCT,15
51,73970515-73980515,chr17,3,73972387-73972401;73972387-73972401;73977337-73977351,+;-;-,4.94e-06;5.71e-06;2.38e-06,ATTTCATTGTGACCT;AGGTCACAATGAAAT;AGGTTGCAGTGAGCT,15;15;15
348262,79786167-79796167,chr17,1,79795424-79795438,+,6.3e-06,AGGTTGCAGTGAACT,15
100134934,73970297-73980297,chr17,3,73972387-73972401;73972387-73972401;73977337-73977351,+;-;-,4.94e-06;5.71e-06;2.38e-06,ATTTCATTGTGACCT;AGGTCACAATGAAAT;AGGTTGCAGTGAGCT,15;15;15
284018,65984765-65994765,chr17,2,65992887-65992901;65992887-65992901,+;-,1.83e-06;7.22e-07,AGCTCATTGTAACCT;AGGTTACAATGAGCT,15;15
2232,72859876-72874156,chr17,1,72864716-72864730,-,9.31e-06,AGGACATCGTGACCC,15
57532,27616166-27626166,chr17,2,27620573-27620587;27620573-27620587,+;-,3.06e-06;2.04e-06,AGGTCACGCTGGCCT;AGGCCAGCGTGACCT,15;15
6346,32685252-32695252,chr17,2,32692450-32692464;32692450-32692464,+;-,1.66e-07;2.21e-07,AGGTCATGTTGACCT;AGGTCAACATGACCT,15;15
28958,40945743-40955743,chr17,1,40955317-40955331,+,8.88e-06,AGGTCACATAGACCA,15
57636,36579719-36589719,chr17,2,36582212-36582226;36582212-36582226,+;-,7.32e-06;8.07e-06,CGGTCAGTGTGAGCT;AGCTCACACTGACCG,15;15
6352,34202377-34212377,chr17,2,34206914-34206928;34206914-34206928,+;-,1.64e-06;3.23e-06,AAGTCAGTGTGAGCT;AGCTCACACTGACTT,15;15
399687,27502407-27512407,chr17,1,27503772-27503786,+,6.96e-06,AGGTCACACGGAGCT,15
8688,39575822-39585822,chr17,2,39578161-39578175;39578161-39578175,+;-,3.06e-06;3.23e-06,GGGTCACACTGAACT;AGTTCAGTGTGACCC,15;15
201232,6934393-6944393,chr17,2,6938737-6938751;6938737-6938751,+;-,4.69e-06;2.51e-06,TGGTCTCTGTGACCT;AGGTCACAGAGACCA,15;15
10801,75272491-75288972,chr17,2,75283220-75283234;75283220-75283234,+;-,1.38e-06;1.54e-06,AGGTCATGGTGATCT;AGATCACCATGACCT,15;15
201294,73835798-73845798,chr17,1,73840289-73840303,-,9.78e-06,AGGTAGGAGTGACCT,15
2695,47040955-47050955,chr17,2,47049919-47049933;47049919-47049933,+;-,4.94e-06;5.44e-06,AGGTCAGGGTGACTC;GAGTCACCCTGACCT,15;15
4836,43133679-43143679,chr17,1,43142125-43142139,+,6.96e-06,AGGTTGCACTGAGCT,15
23277,2609927-2619927,chr17,2,2615305-2615319;2615305-2615319,+;-,6.62e-06;4.03e-06,CGGGCACTGTGACCT;AGGTCACAGTGCCCG,15;15
752,43294291-43304291,chr17,1,43303443-43303457,+,9.78e-06,AGGTTACTGTGCACT,15
2873,80004762-80014762,chr17,2,80008875-80008889;80008875-80008889,+;-,8.45e-06;8.45e-06,AGCTCGCCCTGACCT;AGGTCAGGGCGAGCT,15;15
9120,66282405-66292405,chr17,2,66288500-66288514;66288500-66288514,+;-,3.99e-07;3.47e-07,AGGTCACCGTGAACT;AGTTCACGGTGACCT,15;15
9349,37005053-37015053,chr17,1,37010575-37010589,-,2.38e-06,AGGTTGCAGTGAGCT,15
79018,17937610-17947610,chr17,1,17941017-17941031,+,9.78e-06,AGATCACACAGACCT,15
80755,41111515-41121515,chr17,1,41121494-41121508,-,6.96e-06,AGGTTGCACTGAGCT,15
9423,8919858-8929858,chr17,1,8926112-8926126,+,5.71e-06,AGTTCGAAGTGACCT,15
1468,79674265-79684265,chr17,1,79681191-79681205,+,5.44e-06,AGGTCACACTGAGCG,15
9703,26967177-26977177,chr17,2,26973461-26973475;26973461-26973475,+;-,2.27e-06;3.6e-06,AGGTCATACTTACCT;AGGTAAGTATGACCT,15;15
91647,17937480-17947480,chr17,1,17941017-17941031,+,9.78e-06,AGATCACACAGACCT,15
162394,33565085-33575085,chr17,2,33571076-33571090;33571076-33571090,+;-,8.88e-06;6.3e-06,TGGTCACAATGCCCT;AGGGCATTGTGACCA,15;15
124583,77000899-77010899,chr17,2,77007853-77007867;77007853-77007867,+;-,8.45e-06;8.88e-06,GGGTCACAGAGACCC;GGGTCTCTGTGACCC,15;15
9969,60137643-60147643,chr17,1,60142511-60142525,+,4.94e-06,AGGTTACAGTGACAA,15
5914,38460422-38479472,chr17,1,38478743-38478757,+,9.78e-06,GTGTCACCGTGACCC,15
3880,39679641-39689641,chr17,2,39682068-39682082;39682068-39682082,+;-,1.64e-06;2.15e-06,AGGTCTTACTGACCT;AGGTCAGTAAGACCT,15;15
60386,73280530-73290530,chr17,2,73284990-73285004;73284990-73285004,+;-,2.04e-06;6e-06,AGGTCACACTGAGCA;TGCTCAGTGTGACCT,15;15
5986,80004650-80014650,chr17,2,80008875-80008889;80008875-80008889,+;-,8.45e-06;8.45e-06,AGCTCGCCCTGACCT;AGGTCAGGGCGAGCT,15;15
124930,27915526-27925526,chr17,2,27922182-27922196;27922182-27922196,+;-,5.19e-06;6.96e-06,GGGTCACAGTGCCCC;GGGGCACTGTGACCC,15;15
124817,40945853-40955853,chr17,1,40955317-40955331,+,8.88e-06,AGGTCACATAGACCA,15
51155,73145774-73155775,chr17,2,73154654-73154668;73154654-73154668,+;-,2.15e-06;2.04e-06,AGGTCTTTATGACCT;AGGTCATAAAGACCT,15;15
8148,34131458-34141458,chr17,1,34140574-34140588,+,6e-06,AGGCTACAGTGAGCT,15
116729,79787926-79797926,chr17,1,79795424-79795438,+,6.3e-06,AGGTTGCAGTGAACT,15
8780,21027786-21037786,chr18,2,21035105-21035119;21035105-21035119,+;-,1.83e-06;5.02e-07,AGCTCACTGCGACCT;AGGTCGCAGTGAGCT,15;15
220441,59555304-59565304,chr18,2,59560618-59560632;59560618-59560632,+;-,6.62e-06;7.68e-06,AAGTCACCGTCACCT;AGGTGACGGTGACTT,15;15
80206,33872701-33882701,chr18,2,33874300-33874314;33874300-33874314,+;-,2.91e-06;8.88e-06,AAGTCATAGTGACCA;TGGTCACTATGACTT,15;15
7050,3407071-3417071,chr18,2,3409206-3409220;3409206-3409220,+;-,4.3e-07;1.17e-06,AAGTCACAGTGAGCT;AGCTCACTGTGACTT,15;15
147372,57359644-57369644,chr18,1,57361173-57361187,-,2.38e-06,AGGTTGCAGTGAGCT,15
9811,46060426-46070426,chr18,1,46063105-46063119,-,9.31e-06,GTGTCAGTGTGACCC,15
8425,41094071-41112276,chr19,2,41105925-41105939;41105925-41105939,+;-,3.6e-06;2.27e-06,AGGTCAGTTTAACCC;GGGTTAAACTGACCT,15;15
90480,13063068-13073068,chr19,2,13068450-13068464;13068450-13068464,+;-,3.26e-07;1.36e-07,GGGTCACTGTAACCT;AGGTTACAGTGACCC,15;15
57731,40968125-40978125,chr19,1,40969587-40969601,-,2.38e-06,AGGTTGCAGTGAGCT,15
115196,2814871-2824871,chr19,2,2819453-2819467;2819453-2819467,+;-,7.22e-07;1.38e-06,AGGTTTCAGTGACCT;AGGTCACTGAAACCT,15;15
602,45246977-45256977,chr19,1,45248157-45248171,+,6e-06,AGGCTACAGTGAGCT,15
645,40966725-40976725,chr19,1,40969587-40969601,-,2.38e-06,AGGTTGCAGTGAGCT,15
100287177,46139904-46149904,chr19,2,46143186-46143200;46143186-46143200,+;-,1.66e-07;5.37e-07,AGGTTACAGTGAGCT;AGCTCACTGTAACCT,15;15
976,14486955-14496955,chr19,1,14495892-14495906,-,2.38e-06,AGGTTGCAGTGAGCT,15
997,526732-536732,chr19,1,528497-528511,+,8.07e-06,AGGTTGCAATGAGCT,15
1054,33859574-33870429,chr19,1,33863036-33863050,-,2.38e-06,AGGTTGCAGTGAGCT,15
1158,45821235-45831235,chr19,2,45826119-45826133;45826119-45826133,+;-,3.81e-06;4.94e-06,AGGTGACACTGACCC;GGGTCAGTGTCACCT,15;15
91300,908225-918225,chr19,2,909730-909744;909730-909744,+;-,2.63e-06;4.46e-06,AGGTTACCATGAGCT;AGCTCATGGTAACCT,15;15
25796,17617431-17627431,chr19,1,17624562-17624576,+,2.38e-06,AGGTTGCAGTGAGCT,15
9466,14137551-14147551,chr19,1,14146662-14146676,-,2.38e-06,AGGTTGCAGTGAGCT,15
1340,36134124-36144124,chr19,2,36139265-36139279;36139265-36139279,+;-,1.38e-06;1.73e-06,GGGTCACATTGAGCT;AGCTCAATGTGACCC,15;15
1938,3980461-3990461,chr19,1,3984127-3984141,-,5.71e-06,AAGTCAACGTGAGCT,15
83878,17370544-17380544,chr19,2,17375538-17375552;17375538-17375552,+;-,2.38e-06;3.06e-06,GGGTCACTCTGACCA;TGGTCAGAGTGACCC,15;15
2063,17351151-17361151,chr19,1,17360367-17360381,-,2.38e-06,AGGTTGCAGTGAGCT,15
84079,33161102-33171102,chr19,2,33167669-33167683;33167669-33167683,+;-,7.68e-06;9.78e-06,AGGTCAACGTGCCCC;GGGGCACGTTGACCT,15;15
10437,18279578-18289578,chr19,1,18280399-18280413,-,5.71e-06,GGGTCAGGGTGACCA,15
27202,47830403-47848743,chr19,2,47840290-47840304;47840290-47840304,+;-,2.21e-07;1.36e-07,AGGTCACTCTGACAT;ATGTCAGAGTGACCT,15;15
27231,3928100-3938100,chr19,2,3931240-3931254;3931240-3931254,+;-,1.93e-06;2.51e-06,ATGTCACTGTCACCT;AGGTGACAGTGACAT,15;15
10859,55123628-55133628,chr19,1,55128548-55128562,-,9.78e-06,GGGTCACAGTGTGCT,15
2696,46166501-46176501,chr19,1,46168022-46168036,+,9.78e-06,AAGTCACTGTGACGT,15
92840,1486164-1496164,chr19,1,1491501-1491515,-,8.45e-06,AGGTCCCAGTCACCT,15
84658,14780730-14790730,chr19,2,14783491-14783505;14783491-14783505,+;-,1.83e-06;7.22e-07,AGCTCATTGTAACCT;AGGTTACAATGAGCT,15;15
92960,7548924-7558924,chr19,1,7557397-7557411,-,2.38e-06,AGGTTGCAGTGAGCT,15
2879,1098935-1109648,chr19,2,1102452-1102466;1103241-1103255,+;+,2.38e-06;2.38e-06,AGGTTGCAGTGAGCT;AGGTTGCAGTGAGCT,15;15
11100,41763390-41775119,chr19,1,41768879-41768893,+,6.3e-06,AGGTTGCGGTGAGCT,15
10045,6762523-6772523,chr19,2,6768264-6768278;6768264-6768278,+;-,9.31e-06;9.31e-06,AGGTGACAGGGACCT;AGGTCCCTGTCACCT,15;15
2931,42741736-42751736,chr19,1,42748290-42748304,-,8.88e-06,AGGCTGCAGTGACCT,15
125950,10439314-10449314,chr19,2,10445183-10445197;10445183-10445197,+;-,2.04e-06;3.23e-06,AGGTCAGGGTGACCG;CGGTCACCCTGACCT,15;15
126248,33617997-33627997,chr19,1,33624388-33624402,+,2.38e-06,AGGTTGCAGTGAGCT,15
388531,33161312-33171312,chr19,2,33167669-33167683;33167669-33167683,+;-,7.68e-06;9.78e-06,AGGTCAACGTGCCCC;GGGGCACGTTGACCT,15;15
29086,17373231-17383231,chr19,2,17375538-17375552;17375538-17375552,+;-,2.38e-06;3.06e-06,GGGTCACTCTGACCA;TGGTCAGAGTGACCC,15;15
4701,8381280-8391280,chr19,2,8388916-8388930;8388916-8388930,+;-,1.44e-07;1.36e-07,AGGTCTCTGTGACCT;AGGTCACAGAGACCT,15;15
5434,1090391-1100391,chr19,1,1098421-1098435,+,4.94e-06,AGGTCGAGGTGAGCT,15
54760,1485407-1495407,chr19,1,1491501-1491515,-,8.45e-06,AGGTCCCAGTCACCT,15
5609,7963764-7973764,chr19,2,7969100-7969114;7969100-7969114,+;-,8.37e-07;1.11e-06,GGGTCACGGTGACCC;GGGTCACCGTGACCC,15;15
5678,43768682-43778682,chr19,3,43769243-43769257;43769243-43769257;43769954-43769968,+;-;+,1.11e-06;8.82e-07;9.78e-06,AGGTCAGGCTAACCT;AGGTTAGCCTGACCT;AGGTCAGACTGACAA,15;15;15
54854,49111694-49121694,chr19,2,49116941-49116955;49116941-49116955,+;-,4.94e-06;3.23e-06,TGGTCAGGTTGACCT;AGGTCAACCTGACCA,15;15
54858,18446407-18456407,chr19,2,18452268-18452282;18452268-18452282,+;-,6.56e-07;4.3e-07,GGGTCATTTTGACCT;AGGTCAAAATGACCC,15;15
284306,57869890-57879890,chr19,2,57873235-57873249;57873235-57873249,+;-,8.88e-06;5.71e-06,AGGTCACTATCACAT;ATGTGATAGTGACCT,15;15
284309,58253163-58263163,chr19,2,58262151-58262165;58262151-58262165,+;-,9.42e-08;6.53e-08,AGGGCACTGTGACCT;AGGTCACAGTGCCCT,15;15
5864,18309874-18319874,chr19,1,18314699-18314713,-,8.45e-06,AGGGCAAGGTGAGCT,15
284439,19169802-19179802,chr19,2,19171875-19171889;19171875-19171889,+;-,4.03e-06;8.45e-06,AGGCCACTCTGACCC;GGGTCAGAGTGGCCT,15;15
55228,46969820-46979820,chr19,1,46977404-46977418,-,5.19e-06,AGGTCATTGTGCCCA,15
79816,2972535-2982535,chr19,1,2979019-2979033,-,2.38e-06,AGGTTGCAGTGAGCT,15
79935,40727597-40737597,chr19,2,40732872-40732886;40732872-40732886,+;-,1.93e-06;3.81e-06,AGGTTAGAATGACCC;GGGTCATTCTAACCT,15;15
6217,39921618-39931618,chr19,1,39929406-39929420,-,2.38e-06,AGGTTGCAGTGAGCT,15
6234,8381383-8391383,chr19,2,8388916-8388930;8388916-8388930,+;-,1.44e-07;1.36e-07,AGGTCTCTGTGACCT;AGGTCACAGAGACCT,15;15
80131,7948389-7958389,chr19,1,7948750-7948764,+,2.38e-06,AGGTTGCAGTGAGCT,15
6449,2778354-2788354,chr19,1,2783116-2783130,+,9.31e-06,GGGTCGCGGTGACCC,15
22900,48739320-48764203,chr19,2,48762462-48762476;48762462-48762476,+;-,1.83e-06;5.02e-07,AGCTCACTGCGACCT;AGGTCGCAGTGAGCT,15;15
55723,14242440-14252440,chr19,1,14249963-14249977,-,2.38e-06,AGGTTGCAGTGAGCT,15
80700,4450295-4462791,chr19,2,4455110-4455124;4455110-4455124,+;-,8.88e-06;8.88e-06,GTGGCACAGTGACCT;AGGTCACTGTGCCAC,15;15
64344,46795302-46811855,chr19,1,46803852-46803866,+,8.88e-06,AGGTGACAGTGAGCC,15
7064,2780505-2790505,chr19,1,2783116-2783130,+,9.31e-06,GGGTCGCGGTGACCC,15
27134,3703334-3713334,chr19,2,3708801-3708815;3708801-3708815,+;-,6.3e-06;6.62e-06,GGGTCATTGTTACCT;AGGTAACAATGACCC,15;15
7409,6767678-6777678,chr19,2,6768264-6768278;6768264-6768278,+;-,9.31e-06;9.31e-06,AGGTGACAGGGACCT;AGGTCCCTGTCACCT,15;15
400713,52868169-52878169,chr19,2,52873302-52873316;52873302-52873316,+;-,4.24e-06;3.6e-06,GGGTCACACAGACCT;AGGTCTGTGTGACCC,15;15
7643,20183802-20193802,chr19,1,20189862-20189876,+,2.38e-06,AGGTTGCAGTGAGCT,15
7644,23573269-23583269,chr19,1,23575535-23575549,+,2.38e-06,AGGTTGCAGTGAGCT,15
24139,46137675-46153775,chr19,2,46143186-46143200;46143186-46143200,+;-,1.66e-07;5.37e-07,AGGTTACAGTGAGCT;AGCTCACTGTAACCT,15;15
56961,4273597-4283597,chr19,2,4279181-4279195;4279181-4279195,+;-,4.94e-06;6e-06,AGGTCTCAGTCACCT;AGGTGACTGAGACCT,15;15
8202,46125600-46135600,chr20,2,46126885-46126899;46126885-46126899,+;-,1.3e-06;4.46e-06,AGGTTACAGTGAGCC;GGCTCACTGTAACCT,15;15
149986,60692516-60702516,chr20,2,60698796-60698810;60698796-60698810,+;-,6.3e-06;7.68e-06,AGGTCACAGGGAACT;AGTTCCCTGTGACCT,15;15
170487,32249303-32259303,chr20,2,32254239-32254253;32254239-32254253,+;-,1.04e-06;2.04e-06,AGGTCACAATGAGCC;GGCTCATTGTGACCT,15;15
27131,17944154-17954490,chr20,1,17954219-17954233,+,2.91e-06,AGGTTACAGTGAGCA,15
6676,34198808-34208808,chr20,1,34203573-34203587,+,7.32e-06,AAGTTACAATGAGCT,15
64096,3639046-3649046,chr20,2,3646542-3646556;3646542-3646556,+;-,2.15e-06;2.04e-06,AGGTCTTTATGACCT;AGGTCATAAAGACCT,15;15
23315,48424249-48434249,chr20,2,48429139-48429153;48429139-48429153,+;-,4.66e-07;6.56e-07,GAGTCACAGTGACCT;AGGTCACTGTGACTC,15;15
7022,55199357-55209357,chr20,2,55204509-55204523;55204509-55204523,+;-,3.6e-06;1.93e-06,TGGTCACCGTGACCC;GGGTCACGGTGACCA,15;15
5020,3047265-3057265,chr20,2,3049801-3049815;3049801-3049815,+;-,7.68e-06;7.32e-06,AGGTCAGCCTGACCG;CGGTCAGGCTGACCT,15;15
92667,17944761-17954761,chr20,1,17954219-17954233,+,2.91e-06,AGGTTACAGTGAGCA,15
1002,59822481-59832481,chr20,2,59832020-59832034;59832020-59832034,+;-,1.64e-06;1.04e-06,AGGGCACAGTGACAT;ATGTCACTGTGCCCT,15;15
23613,45980474-45990474,chr20,2,45983933-45983947;45983933-45983947,+;-,4.69e-06;7.68e-06,AAGTCACAATGAACT;AGTTCATTGTGACTT,15;15
81031,45333278-45343278,chr20,2,45336886-45336900;45336886-45336900,+;-,8.88e-06;8.88e-06,GGGTCGCTGTGACTT;AAGTCACAGCGACCC,15;15
5332,9044700-9054700,chr20,1,9052093-9052107,+,7.32e-06,AGGTAAAAGTGAGCT,15
63941,32257264-32267264,chr20,2,32262471-32262485;32262471-32262485,+;-,4.24e-06;4.94e-06,AGGTCAGGGTGACAC;GTGTCACCCTGACCT,15;15
85364,273203-283203,chr20,2,279030-279044;279030-279044,+;-,6.96e-06;6.3e-06,AGGACATTGTGACTT;AAGTCACAATGTCCT,15;15
79444,61862275-61872275,chr20,2,61863594-61863608;61863594-61863608,+;-,5.78e-07;6.16e-07,AGGTCTTTGTGACCT;AGGTCACAAAGACCT,15;15
9770,4790769-4809291,chr20,2,4803320-4803334;4803320-4803334,+;-,6.62e-06;4.03e-06,AGGTCCCAGCGACCT;AGGTCGCTGGGACCT,15;15
128653,2790632-2800656,chr20,2,2795610-2795624;2795610-2795624,+;-,2.38e-06;3.6e-06,AGGTCACAATGCCCC;GGGGCATTGTGACCT,15;15
100288797,2791975-2801975,chr20,2,2795610-2795624;2795610-2795624,+;-,2.38e-06;3.6e-06,AGGTCACAATGCCCC;GGGGCATTGTGACCT,15;15
128864,32245091-32255091,chr20,2,32254239-32254253;32254239-32254253,+;-,1.04e-06;2.04e-06,AGGTCACAATGAGCC;GGCTCATTGTGACCT,15;15
57186,20688266-20698266,chr20,2,20691756-20691770;20691756-20691770,+;-,1.54e-06;1.24e-06,AAGTCAGTGTAACCT;AGGTTACACTGACTT,15;15
27296,44001957-44011957,chr20,2,44002639-44002653;44002639-44002653,+;-,3.81e-06;1.17e-06,AGGTCACATCAACCT;AGGTTGATGTGACCT,15;15
150082,40811128-40821128,chr21,2,40817817-40817831;40817817-40817831,+;-,1.24e-06;5.37e-07,AGGTCAGTGTGGCCT;AGGCCACACTGACCT,15;15
754,46288818-46298818,chr21,4,46290375-46290389;46290375-46290389;46294011-46294025;46294011-46294025,+;-;+;-,2.6e-07;1.11e-06;9.83e-07;6.56e-07,AGGTTGCAGTGACCT;AGGTCACTGCAACCT;AGGTCACGGTGGCCT;AGGCCACCGTGACCT,15;15;15;15
6450,40812796-40828779,chr21,4,40817817-40817831;40817817-40817831;40824579-40824593;40824579-40824593,+;-;+;-,1.24e-06;5.37e-07;7.97e-07;2.27e-06,AGGTCAGTGTGGCCT;AGGCCACACTGACCT;ATGTCACAGTGACCA;TGGTCACTGTGACAT,15;15;15;15
23181,47873861-47883861,chr21,1,47874760-47874774,-,4.03e-06,AGATTACAGTGAGCT,15
85395,46354954-46364954,chr21,1,46363179-46363193,-,8.88e-06,AGCTCAGACTGACCA,15
129025,22869613-22879613,chr22,1,22871371-22871385,+,4.03e-06,AGATTACAGTGAGCT,15
1375,51011506-51022096,chr22,2,51016299-51016313;51016299-51016313,+;-,3.6e-06;2.63e-06,GGGTCACCGTGAACT;AGTTCACGGTGACCC,15;15
4174,35791115-35801115,chr22,1,35793244-35793258,+,2.38e-06,AGGTTGCAGTGAGCT,15
391322,24368116-24378116,chr22,1,24371975-24371989,+,2.38e-06,AGGTTGCAGTGAGCT,15
112885,45399874-45410809,chr22,1,45406499-45406513,-,9.78e-06,AGGTCGCATTGACCG,15
51537,30816610-30826610,chr22,2,30822096-30822110;30822096-30822110,+;-,2.27e-06;1.93e-06,AGGTCACACTACCCT;AGGGTAGTGTGACCT,15;15
80274,43734394-43744394,chr22,1,43743348-43743362,-,3.41e-06,AGGTCGCAGTGAGCC,15
10762,45554725-45565551,chr22,1,45555007-45555021,-,7.32e-06,AGGTTGTAGTGAGCT,15
6721,42224105-42234105,chr22,2,42227991-42228005;42227991-42228005,+;-,1.93e-06;1.73e-06,AGGTCACAGTGAATT;AATTCACTGTGACCT,15;15
402055,26874849-26884849,chr22,1,26882547-26882561,-,6.3e-06,AGGTTGCAGTGAACT,15
150275,29163661-29173661,chr22,1,29165827-29165841,+,8.45e-06,AGGCTATTCTGACCT,15
27440,17635169-17651177,chr22,2,17639554-17639568;17639554-17639568,+;-,1.04e-06;8.82e-07,AGGTCACAGCGAGCT;AGCTCGCTGTGACCT,15;15
11078,38087994-38097994,chr22,1,38092627-38092641,-,2.38e-06,AGGTTGCAGTGAGCT,15
7122,19507860-19517860,chr22,2,19515842-19515856;19515842-19515856,+;-,6e-06;1.93e-06,AGGTCACTGTGGCTT;AAGCCACAGTGACCT,15;15
29802,24091630-24101630,chr22,1,24097818-24097832,-,8.88e-06,AAGTCACAGTAAACT,15
253143,32141120-32151120,chr22,1,32148324-32148338,+,2.38e-06,AGGTTGCAGTGAGCT,15
1312,19924262-19944044,chr22,2,19936412-19936426;19936412-19936426,+;-,1.3e-06;4.46e-06,AGGTTACAGTGAGCC;GGCTCACTGTAACCT,15;15
85352,44703731-44713731,chr22,2,44710512-44710526;44710512-44710526,+;-,2.91e-06;8.88e-06,AGGCCACTGTGACCA;TGGTCACAGTGGCCT,15;15
85377,38297154-38307154,chr22,2,38301266-38301280;38301266-38301280,+;-,5.19e-06;4.03e-06,GGGTCAGGGTGACAT;ATGTCACCCTGACCC,15;15
1439,37304674-37314674,chr22,2,37310365-37310379;37310365-37310379,+;-,6e-06;3.81e-06,AGCTCACTTTGAACT;AGTTCAAAGTGAGCT,15;15
7621,24088279-24098279,chr22,1,24097818-24097832,-,8.88e-06,AAGTCACAGTAAACT,15
9681,32144936-32155847,chr22,1,32148324-32148338,+,2.38e-06,AGGTTGCAGTGAGCT,15
89781,26870647-26884829,chr22,1,26882547-26882561,-,6.3e-06,AGGTTGCAGTGAACT,15
6122,39710670-39720670,chr22,2,39712584-39712598;39712584-39712598,+;-,2.27e-06;4.03e-06,AGGACACAGTGCCCT;AGGGCACTGTGTCCT,15;15
29071,119759005-119769005,chrX,2,119763560-119763574;119763560-119763574,+;-,8.07e-06;9.31e-06,AGGACATGGTAACCT;AGGTTACCATGTCCT,15;15
414,2842416-2852416,chrX,1,2849695-2849709,+,2.38e-06,AGGTTGCAGTGAGCT,15
8270,153702596-153712596,chrX,1,153709725-153709739,+,6e-06,AGGCTACAGTGAGCT,15
537,153651977-153661977,chrX,2,153653899-153653913;153653899-153653913,+;-,2.04e-06;8.45e-06,AGGTTGCAGTGACCC;GGGTCACTGCAACCT,15;15
340542,101405762-101415986,chrX,2,101410997-101411011;101410997-101411011,+;-,6.96e-06;9.78e-06,ACGTCACTGTGAGCT;AGCTCACAGTGACGT,15;15
92745,48323644-48333644,chrX,1,48323964-48323978,+,7.32e-06,AAGTCAGAGTGACCG,15
27316,135957939-135967939,chrX,1,135966528-135966542,-,4.69e-06,AGGCCAAAGTGAGCT,15
4983,67648299-67658299,chrX,1,67649202-67649216,+,2.38e-06,AGGTTGCAGTGAGCT,15
9104,46932774-46942774,chrX,1,46938428-46938442,-,2.38e-06,AGGTTGCAGTGAGCT,15
7076,47436689-47446689,chrX,2,47439310-47439324;47439310-47439324,+;-,9.31e-06;9.78e-06,AGGTCACTCAGCCCT;AGGGCTGAGTGACCT,15;15
1183,10119984-10129984,chrX,1,10124624-10124638,-,9.78e-06,AGGTTAGTTTCACCT,15
1641,110649374-110660460,chrX,2,110655004-110655018;110655004-110655018,+;-,7.22e-07;6.86e-07,ATGTCACCATGACCT;AGGTCATGGTGACAT,15;15
1947,68043839-68053839,chrX,1,68046226-68046240,+,8.45e-06,ATGACACAGTAACCT,15
